scheme_code,scheme_name,date,nav
119777,Kotak Multi Asset Omni FOF - Direct Growth - Direct,24-06-2026,275.05000
119777,Kotak Multi Asset Omni FOF - Direct Growth - Direct,23-06-2026,274.73500
119777,Kotak Multi Asset Omni FOF - Direct Growth - Direct,22-06-2026,277.84500
119777,Kotak Multi Asset Omni FOF - Direct Growth - Direct,19-06-2026,276.27700
119777,Kotak Multi Asset Omni FOF - Direct Growth - Direct,18-06-2026,277.60700
119777,Kotak Multi Asset Omni FOF - Direct Growth - Direct,17-06-2026,277.61400
119777,Kotak Multi Asset Omni FOF - Direct Growth - Direct,16-06-2026,276.40000
119777,Kotak Multi Asset Omni FOF - Direct Growth - Direct,15-06-2026,276.32400
119777,Kotak Multi Asset Omni FOF - Direct Growth - Direct,12-06-2026,272.53900
119777,Kotak Multi Asset Omni FOF - Direct Growth - Direct,11-06-2026,266.83800
119777,Kotak Multi Asset Omni FOF - Direct Growth - Direct,10-06-2026,268.24200
119777,Kotak Multi Asset Omni FOF - Direct Growth - Direct,09-06-2026,271.95500
119777,Kotak Multi Asset Omni FOF - Direct Growth - Direct,08-06-2026,268.64400
119777,Kotak Multi Asset Omni FOF - Direct Growth - Direct,05-06-2026,273.22000
119777,Kotak Multi Asset Omni FOF - Direct Growth - Direct,04-06-2026,273.67500
119777,Kotak Multi Asset Omni FOF - Direct Growth - Direct,03-06-2026,272.93300
119777,Kotak Multi Asset Omni FOF - Direct Growth - Direct,02-06-2026,273.52200
119777,Kotak Multi Asset Omni FOF - Direct Growth - Direct,01-06-2026,272.31100
119777,Kotak Multi Asset Omni FOF - Direct Growth - Direct,29-05-2026,274.31000
119777,Kotak Multi Asset Omni FOF - Direct Growth - Direct,27-05-2026,276.48300
119777,Kotak Multi Asset Omni FOF - Direct Growth - Direct,26-05-2026,275.99600
119777,Kotak Multi Asset Omni FOF - Direct Growth - Direct,25-05-2026,276.79300
119777,Kotak Multi Asset Omni FOF - Direct Growth - Direct,22-05-2026,273.59500
119777,Kotak Multi Asset Omni FOF - Direct Growth - Direct,21-05-2026,272.93500
119777,Kotak Multi Asset Omni FOF - Direct Growth - Direct,20-05-2026,272.59000
119777,Kotak Multi Asset Omni FOF - Direct Growth - Direct,19-05-2026,272.17500
119777,Kotak Multi Asset Omni FOF - Direct Growth - Direct,18-05-2026,271.46100
119777,Kotak Multi Asset Omni FOF - Direct Growth - Direct,15-05-2026,272.61000
119777,Kotak Multi Asset Omni FOF - Direct Growth - Direct,14-05-2026,276.29800
119777,Kotak Multi Asset Omni FOF - Direct Growth - Direct,13-05-2026,274.58000
119777,Kotak Multi Asset Omni FOF - Direct Growth - Direct,12-05-2026,270.68800
119777,Kotak Multi Asset Omni FOF - Direct Growth - Direct,11-05-2026,272.68200
119777,Kotak Multi Asset Omni FOF - Direct Growth - Direct,08-05-2026,275.94100
119777,Kotak Multi Asset Omni FOF - Direct Growth - Direct,07-05-2026,277.06400
119777,Kotak Multi Asset Omni FOF - Direct Growth - Direct,06-05-2026,275.59200
119777,Kotak Multi Asset Omni FOF - Direct Growth - Direct,05-05-2026,271.21000
119777,Kotak Multi Asset Omni FOF - Direct Growth - Direct,04-05-2026,272.00500
119777,Kotak Multi Asset Omni FOF - Direct Growth - Direct,30-04-2026,271.22400
119777,Kotak Multi Asset Omni FOF - Direct Growth - Direct,29-04-2026,272.36400
119777,Kotak Multi Asset Omni FOF - Direct Growth - Direct,28-04-2026,271.81900
119777,Kotak Multi Asset Omni FOF - Direct Growth - Direct,27-04-2026,274.35500
119777,Kotak Multi Asset Omni FOF - Direct Growth - Direct,24-04-2026,271.89000
119777,Kotak Multi Asset Omni FOF - Direct Growth - Direct,23-04-2026,274.36000
119777,Kotak Multi Asset Omni FOF - Direct Growth - Direct,22-04-2026,277.22900
119777,Kotak Multi Asset Omni FOF - Direct Growth - Direct,21-04-2026,278.05900
119777,Kotak Multi Asset Omni FOF - Direct Growth - Direct,20-04-2026,276.93200
119777,Kotak Multi Asset Omni FOF - Direct Growth - Direct,17-04-2026,276.80300
119777,Kotak Multi Asset Omni FOF - Direct Growth - Direct,16-04-2026,275.45700
119777,Kotak Multi Asset Omni FOF - Direct Growth - Direct,15-04-2026,274.56600
119777,Kotak Multi Asset Omni FOF - Direct Growth - Direct,13-04-2026,269.95200
119777,Kotak Multi Asset Omni FOF - Direct Growth - Direct,10-04-2026,271.94200
119777,Kotak Multi Asset Omni FOF - Direct Growth - Direct,09-04-2026,269.36600
119777,Kotak Multi Asset Omni FOF - Direct Growth - Direct,08-04-2026,271.03600
119777,Kotak Multi Asset Omni FOF - Direct Growth - Direct,07-04-2026,262.74700
119777,Kotak Multi Asset Omni FOF - Direct Growth - Direct,06-04-2026,262.49200
119777,Kotak Multi Asset Omni FOF - Direct Growth - Direct,02-04-2026,259.24100
119777,Kotak Multi Asset Omni FOF - Direct Growth - Direct,01-04-2026,260.52100
119777,Kotak Multi Asset Omni FOF - Direct Growth - Direct,31-03-2026,255.68400
119777,Kotak Multi Asset Omni FOF - Direct Growth - Direct,30-03-2026,255.68100
119777,Kotak Multi Asset Omni FOF - Direct Growth - Direct,27-03-2026,258.60100
119777,Kotak Multi Asset Omni FOF - Direct Growth - Direct,25-03-2026,263.35800
119777,Kotak Multi Asset Omni FOF - Direct Growth - Direct,24-03-2026,258.65700
119777,Kotak Multi Asset Omni FOF - Direct Growth - Direct,23-03-2026,252.60100
119777,Kotak Multi Asset Omni FOF - Direct Growth - Direct,20-03-2026,262.89500
119777,Kotak Multi Asset Omni FOF - Direct Growth - Direct,19-03-2026,261.32100
119777,Kotak Multi Asset Omni FOF - Direct Growth - Direct,18-03-2026,269.99500
119777,Kotak Multi Asset Omni FOF - Direct Growth - Direct,17-03-2026,268.11600
119777,Kotak Multi Asset Omni FOF - Direct Growth - Direct,16-03-2026,265.79400
119777,Kotak Multi Asset Omni FOF - Direct Growth - Direct,13-03-2026,267.46500
119777,Kotak Multi Asset Omni FOF - Direct Growth - Direct,12-03-2026,273.35500
119777,Kotak Multi Asset Omni FOF - Direct Growth - Direct,11-03-2026,274.59400
119777,Kotak Multi Asset Omni FOF - Direct Growth - Direct,10-03-2026,276.57400
119777,Kotak Multi Asset Omni FOF - Direct Growth - Direct,09-03-2026,273.52200
119777,Kotak Multi Asset Omni FOF - Direct Growth - Direct,06-03-2026,276.76300
119777,Kotak Multi Asset Omni FOF - Direct Growth - Direct,05-03-2026,278.63800
119777,Kotak Multi Asset Omni FOF - Direct Growth - Direct,04-03-2026,278.13600
119777,Kotak Multi Asset Omni FOF - Direct Growth - Direct,02-03-2026,285.20400
119777,Kotak Multi Asset Omni FOF - Direct Growth - Direct,27-02-2026,283.40000
119777,Kotak Multi Asset Omni FOF - Direct Growth - Direct,26-02-2026,283.67100
119777,Kotak Multi Asset Omni FOF - Direct Growth - Direct,25-02-2026,284.25400
119777,Kotak Multi Asset Omni FOF - Direct Growth - Direct,24-02-2026,282.97100
119777,Kotak Multi Asset Omni FOF - Direct Growth - Direct,23-02-2026,284.44900
119777,Kotak Multi Asset Omni FOF - Direct Growth - Direct,20-02-2026,281.54500
119777,Kotak Multi Asset Omni FOF - Direct Growth - Direct,19-02-2026,280.90400
119777,Kotak Multi Asset Omni FOF - Direct Growth - Direct,18-02-2026,281.37900
119777,Kotak Multi Asset Omni FOF - Direct Growth - Direct,17-02-2026,280.15500
119777,Kotak Multi Asset Omni FOF - Direct Growth - Direct,16-02-2026,279.96700
119777,Kotak Multi Asset Omni FOF - Direct Growth - Direct,13-02-2026,279.81700
119777,Kotak Multi Asset Omni FOF - Direct Growth - Direct,12-02-2026,283.75100
119777,Kotak Multi Asset Omni FOF - Direct Growth - Direct,11-02-2026,285.60900
119777,Kotak Multi Asset Omni FOF - Direct Growth - Direct,10-02-2026,284.80100
119777,Kotak Multi Asset Omni FOF - Direct Growth - Direct,09-02-2026,284.26000
119777,Kotak Multi Asset Omni FOF - Direct Growth - Direct,06-02-2026,278.57400
119777,Kotak Multi Asset Omni FOF - Direct Growth - Direct,05-02-2026,280.48500
119777,Kotak Multi Asset Omni FOF - Direct Growth - Direct,04-02-2026,285.88900
119777,Kotak Multi Asset Omni FOF - Direct Growth - Direct,03-02-2026,281.86200
119777,Kotak Multi Asset Omni FOF - Direct Growth - Direct,02-02-2026,272.49200
119777,Kotak Multi Asset Omni FOF - Direct Growth - Direct,30-01-2026,285.04500
119777,Kotak Multi Asset Omni FOF - Direct Growth - Direct,29-01-2026,298.38600
119777,Kotak Multi Asset Omni FOF - Direct Growth - Direct,28-01-2026,292.01900
119777,Kotak Multi Asset Omni FOF - Direct Growth - Direct,27-01-2026,287.35800
119777,Kotak Multi Asset Omni FOF - Direct Growth - Direct,23-01-2026,283.20700
119777,Kotak Multi Asset Omni FOF - Direct Growth - Direct,22-01-2026,282.08200
119777,Kotak Multi Asset Omni FOF - Direct Growth - Direct,21-01-2026,285.72500
119777,Kotak Multi Asset Omni FOF - Direct Growth - Direct,20-01-2026,281.85300
119777,Kotak Multi Asset Omni FOF - Direct Growth - Direct,19-01-2026,282.25400
119777,Kotak Multi Asset Omni FOF - Direct Growth - Direct,16-01-2026,280.67200
119777,Kotak Multi Asset Omni FOF - Direct Growth - Direct,14-01-2026,279.27800
119777,Kotak Multi Asset Omni FOF - Direct Growth - Direct,13-01-2026,277.31800
119777,Kotak Multi Asset Omni FOF - Direct Growth - Direct,12-01-2026,276.74900
119777,Kotak Multi Asset Omni FOF - Direct Growth - Direct,09-01-2026,275.17700
119777,Kotak Multi Asset Omni FOF - Direct Growth - Direct,08-01-2026,275.55500
119777,Kotak Multi Asset Omni FOF - Direct Growth - Direct,07-01-2026,279.18000
119777,Kotak Multi Asset Omni FOF - Direct Growth - Direct,06-01-2026,279.02400
119777,Kotak Multi Asset Omni FOF - Direct Growth - Direct,05-01-2026,278.81300
119777,Kotak Multi Asset Omni FOF - Direct Growth - Direct,02-01-2026,278.53200
119777,Kotak Multi Asset Omni FOF - Direct Growth - Direct,01-01-2026,276.71100
119777,Kotak Multi Asset Omni FOF - Direct Growth - Direct,31-12-2025,275.86200
119777,Kotak Multi Asset Omni FOF - Direct Growth - Direct,30-12-2025,274.70900
119777,Kotak Multi Asset Omni FOF - Direct Growth - Direct,29-12-2025,274.78800
119777,Kotak Multi Asset Omni FOF - Direct Growth - Direct,26-12-2025,276.04800
119777,Kotak Multi Asset Omni FOF - Direct Growth - Direct,24-12-2025,276.59100
119777,Kotak Multi Asset Omni FOF - Direct Growth - Direct,23-12-2025,276.93200
119777,Kotak Multi Asset Omni FOF - Direct Growth - Direct,22-12-2025,276.38600
119777,Kotak Multi Asset Omni FOF - Direct Growth - Direct,19-12-2025,274.24200
119777,Kotak Multi Asset Omni FOF - Direct Growth - Direct,18-12-2025,273.09400
119777,Kotak Multi Asset Omni FOF - Direct Growth - Direct,17-12-2025,272.62500
119777,Kotak Multi Asset Omni FOF - Direct Growth - Direct,16-12-2025,272.54500
119777,Kotak Multi Asset Omni FOF - Direct Growth - Direct,15-12-2025,274.49600
119777,Kotak Multi Asset Omni FOF - Direct Growth - Direct,12-12-2025,273.53200
119777,Kotak Multi Asset Omni FOF - Direct Growth - Direct,11-12-2025,271.18800
119777,Kotak Multi Asset Omni FOF - Direct Growth - Direct,10-12-2025,269.82300
119777,Kotak Multi Asset Omni FOF - Direct Growth - Direct,09-12-2025,270.89000
119777,Kotak Multi Asset Omni FOF - Direct Growth - Direct,08-12-2025,270.70500
119777,Kotak Multi Asset Omni FOF - Direct Growth - Direct,05-12-2025,273.94200
119777,Kotak Multi Asset Omni FOF - Direct Growth - Direct,04-12-2025,272.58100
119777,Kotak Multi Asset Omni FOF - Direct Growth - Direct,03-12-2025,272.23600
119777,Kotak Multi Asset Omni FOF - Direct Growth - Direct,02-12-2025,273.68900
119777,Kotak Multi Asset Omni FOF - Direct Growth - Direct,01-12-2025,274.39900
119777,Kotak Multi Asset Omni FOF - Direct Growth - Direct,28-11-2025,273.15900
119777,Kotak Multi Asset Omni FOF - Direct Growth - Direct,27-11-2025,273.38200
119777,Kotak Multi Asset Omni FOF - Direct Growth - Direct,26-11-2025,273.58000
119777,Kotak Multi Asset Omni FOF - Direct Growth - Direct,25-11-2025,271.30100
119777,Kotak Multi Asset Omni FOF - Direct Growth - Direct,24-11-2025,270.44100
119777,Kotak Multi Asset Omni FOF - Direct Growth - Direct,21-11-2025,270.58500
119777,Kotak Multi Asset Omni FOF - Direct Growth - Direct,20-11-2025,272.25500
119777,Kotak Multi Asset Omni FOF - Direct Growth - Direct,19-11-2025,272.27600
119777,Kotak Multi Asset Omni FOF - Direct Growth - Direct,18-11-2025,270.46200
119777,Kotak Multi Asset Omni FOF - Direct Growth - Direct,17-11-2025,271.67200
119777,Kotak Multi Asset Omni FOF - Direct Growth - Direct,14-11-2025,271.05300
119777,Kotak Multi Asset Omni FOF - Direct Growth - Direct,13-11-2025,271.36900
119777,Kotak Multi Asset Omni FOF - Direct Growth - Direct,12-11-2025,271.19000
119777,Kotak Multi Asset Omni FOF - Direct Growth - Direct,11-11-2025,269.67500
119777,Kotak Multi Asset Omni FOF - Direct Growth - Direct,10-11-2025,268.78000
119777,Kotak Multi Asset Omni FOF - Direct Growth - Direct,07-11-2025,267.44200
119777,Kotak Multi Asset Omni FOF - Direct Growth - Direct,06-11-2025,267.67500
119777,Kotak Multi Asset Omni FOF - Direct Growth - Direct,04-11-2025,268.71100
119777,Kotak Multi Asset Omni FOF - Direct Growth - Direct,03-11-2025,269.67100
119777,Kotak Multi Asset Omni FOF - Direct Growth - Direct,31-10-2025,268.78500
119777,Kotak Multi Asset Omni FOF - Direct Growth - Direct,30-10-2025,268.95600
119777,Kotak Multi Asset Omni FOF - Direct Growth - Direct,29-10-2025,269.98500
119777,Kotak Multi Asset Omni FOF - Direct Growth - Direct,28-10-2025,268.03700
119777,Kotak Multi Asset Omni FOF - Direct Growth - Direct,27-10-2025,269.51800
119777,Kotak Multi Asset Omni FOF - Direct Growth - Direct,24-10-2025,267.20800
119777,Kotak Multi Asset Omni FOF - Direct Growth - Direct,23-10-2025,268.42900
119777,Kotak Multi Asset Omni FOF - Direct Growth - Direct,20-10-2025,269.05700
119777,Kotak Multi Asset Omni FOF - Direct Growth - Direct,17-10-2025,268.11100
119777,Kotak Multi Asset Omni FOF - Direct Growth - Direct,16-10-2025,267.66300
119777,Kotak Multi Asset Omni FOF - Direct Growth - Direct,15-10-2025,266.88600
119777,Kotak Multi Asset Omni FOF - Direct Growth - Direct,14-10-2025,265.00200
119777,Kotak Multi Asset Omni FOF - Direct Growth - Direct,13-10-2025,265.50300
119777,Kotak Multi Asset Omni FOF - Direct Growth - Direct,10-10-2025,265.08400
119777,Kotak Multi Asset Omni FOF - Direct Growth - Direct,09-10-2025,264.20300
119777,Kotak Multi Asset Omni FOF - Direct Growth - Direct,08-10-2025,263.11000
119777,Kotak Multi Asset Omni FOF - Direct Growth - Direct,07-10-2025,263.07200
119777,Kotak Multi Asset Omni FOF - Direct Growth - Direct,06-10-2025,262.79400
119777,Kotak Multi Asset Omni FOF - Direct Growth - Direct,03-10-2025,260.76100
119777,Kotak Multi Asset Omni FOF - Direct Growth - Direct,01-10-2025,259.66200
119777,Kotak Multi Asset Omni FOF - Direct Growth - Direct,30-09-2025,257.73500
119777,Kotak Multi Asset Omni FOF - Direct Growth - Direct,26-09-2025,256.28900
119777,Kotak Multi Asset Omni FOF - Direct Growth - Direct,25-09-2025,259.24000
119777,Kotak Multi Asset Omni FOF - Direct Growth - Direct,24-09-2025,260.42800
119777,Kotak Multi Asset Omni FOF - Direct Growth - Direct,23-09-2025,261.45900
119777,Kotak Multi Asset Omni FOF - Direct Growth - Direct,22-09-2025,261.00200
119777,Kotak Multi Asset Omni FOF - Direct Growth - Direct,19-09-2025,261.87300
119777,Kotak Multi Asset Omni FOF - Direct Growth - Direct,18-09-2025,261.46600
119777,Kotak Multi Asset Omni FOF - Direct Growth - Direct,17-09-2025,261.01200
119777,Kotak Multi Asset Omni FOF - Direct Growth - Direct,16-09-2025,259.61400
119777,Kotak Multi Asset Omni FOF - Direct Growth - Direct,15-09-2025,257.82300
119777,Kotak Multi Asset Omni FOF - Direct Growth - Direct,12-09-2025,257.66900
119777,Kotak Multi Asset Omni FOF - Direct Growth - Direct,11-09-2025,257.53800
119777,Kotak Multi Asset Omni FOF - Direct Growth - Direct,10-09-2025,257.22700
119777,Kotak Multi Asset Omni FOF - Direct Growth - Direct,09-09-2025,255.95800
119777,Kotak Multi Asset Omni FOF - Direct Growth - Direct,08-09-2025,254.78100
119777,Kotak Multi Asset Omni FOF - Direct Growth - Direct,05-09-2025,253.88000
119777,Kotak Multi Asset Omni FOF - Direct Growth - Direct,04-09-2025,253.47500
119777,Kotak Multi Asset Omni FOF - Direct Growth - Direct,03-09-2025,253.89500
119777,Kotak Multi Asset Omni FOF - Direct Growth - Direct,02-09-2025,252.38100
119777,Kotak Multi Asset Omni FOF - Direct Growth - Direct,01-09-2025,252.54700
119777,Kotak Multi Asset Omni FOF - Direct Growth - Direct,29-08-2025,249.90500
119777,Kotak Multi Asset Omni FOF - Direct Growth - Direct,28-08-2025,250.53400
119777,Kotak Multi Asset Omni FOF - Direct Growth - Direct,26-08-2025,252.08000
119777,Kotak Multi Asset Omni FOF - Direct Growth - Direct,25-08-2025,253.95500
119777,Kotak Multi Asset Omni FOF - Direct Growth - Direct,22-08-2025,253.12800
119777,Kotak Multi Asset Omni FOF - Direct Growth - Direct,21-08-2025,253.83600
119777,Kotak Multi Asset Omni FOF - Direct Growth - Direct,20-08-2025,253.73200
119777,Kotak Multi Asset Omni FOF - Direct Growth - Direct,19-08-2025,252.92700
119777,Kotak Multi Asset Omni FOF - Direct Growth - Direct,18-08-2025,251.81400
119777,Kotak Multi Asset Omni FOF - Direct Growth - Direct,14-08-2025,250.09200
119777,Kotak Multi Asset Omni FOF - Direct Growth - Direct,13-08-2025,250.00900
119777,Kotak Multi Asset Omni FOF - Direct Growth - Direct,12-08-2025,249.35400
119777,Kotak Multi Asset Omni FOF - Direct Growth - Direct,11-08-2025,249.86800
119777,Kotak Multi Asset Omni FOF - Direct Growth - Direct,08-08-2025,248.02000
119777,Kotak Multi Asset Omni FOF - Direct Growth - Direct,07-08-2025,249.32400
119777,Kotak Multi Asset Omni FOF - Direct Growth - Direct,06-08-2025,248.75600
119777,Kotak Multi Asset Omni FOF - Direct Growth - Direct,05-08-2025,249.95700
119777,Kotak Multi Asset Omni FOF - Direct Growth - Direct,04-08-2025,250.14100
119777,Kotak Multi Asset Omni FOF - Direct Growth - Direct,01-08-2025,248.34000
119777,Kotak Multi Asset Omni FOF - Direct Growth - Direct,31-07-2025,250.36200
119777,Kotak Multi Asset Omni FOF - Direct Growth - Direct,30-07-2025,251.22100
119777,Kotak Multi Asset Omni FOF - Direct Growth - Direct,29-07-2025,250.58100
119777,Kotak Multi Asset Omni FOF - Direct Growth - Direct,28-07-2025,249.97700
119777,Kotak Multi Asset Omni FOF - Direct Growth - Direct,25-07-2025,251.27800
119777,Kotak Multi Asset Omni FOF - Direct Growth - Direct,24-07-2025,253.46800
119777,Kotak Multi Asset Omni FOF - Direct Growth - Direct,23-07-2025,254.32400
119777,Kotak Multi Asset Omni FOF - Direct Growth - Direct,22-07-2025,253.64200
119777,Kotak Multi Asset Omni FOF - Direct Growth - Direct,21-07-2025,253.91500
119777,Kotak Multi Asset Omni FOF - Direct Growth - Direct,18-07-2025,253.53700
119777,Kotak Multi Asset Omni FOF - Direct Growth - Direct,17-07-2025,254.07900
119777,Kotak Multi Asset Omni FOF - Direct Growth - Direct,16-07-2025,254.38300
119777,Kotak Multi Asset Omni FOF - Direct Growth - Direct,15-07-2025,253.84500
119777,Kotak Multi Asset Omni FOF - Direct Growth - Direct,14-07-2025,252.57000
119777,Kotak Multi Asset Omni FOF - Direct Growth - Direct,11-07-2025,252.26100
119777,Kotak Multi Asset Omni FOF - Direct Growth - Direct,10-07-2025,253.59500
119777,Kotak Multi Asset Omni FOF - Direct Growth - Direct,09-07-2025,254.32600
119777,Kotak Multi Asset Omni FOF - Direct Growth - Direct,08-07-2025,254.37700
119777,Kotak Multi Asset Omni FOF - Direct Growth - Direct,07-07-2025,254.20400
119777,Kotak Multi Asset Omni FOF - Direct Growth - Direct,04-07-2025,254.50600
119777,Kotak Multi Asset Omni FOF - Direct Growth - Direct,03-07-2025,254.25900
119777,Kotak Multi Asset Omni FOF - Direct Growth - Direct,02-07-2025,254.46200
119777,Kotak Multi Asset Omni FOF - Direct Growth - Direct,01-07-2025,254.38700
119777,Kotak Multi Asset Omni FOF - Direct Growth - Direct,30-06-2025,254.05700
119777,Kotak Multi Asset Omni FOF - Direct Growth - Direct,27-06-2025,253.26800
119777,Kotak Multi Asset Omni FOF - Direct Growth - Direct,26-06-2025,253.18000
119777,Kotak Multi Asset Omni FOF - Direct Growth - Direct,25-06-2025,252.02600
119777,Kotak Multi Asset Omni FOF - Direct Growth - Direct,24-06-2025,250.54200
119777,Kotak Multi Asset Omni FOF - Direct Growth - Direct,23-06-2025,250.17000
119777,Kotak Multi Asset Omni FOF - Direct Growth - Direct,20-06-2025,249.95200
119777,Kotak Multi Asset Omni FOF - Direct Growth - Direct,19-06-2025,248.12300
119777,Kotak Multi Asset Omni FOF - Direct Growth - Direct,18-06-2025,249.61000
119777,Kotak Multi Asset Omni FOF - Direct Growth - Direct,17-06-2025,249.83700
119777,Kotak Multi Asset Omni FOF - Direct Growth - Direct,16-06-2025,250.71500
119777,Kotak Multi Asset Omni FOF - Direct Growth - Direct,13-06-2025,249.37300
119777,Kotak Multi Asset Omni FOF - Direct Growth - Direct,12-06-2025,249.94800
119777,Kotak Multi Asset Omni FOF - Direct Growth - Direct,11-06-2025,251.62300
119777,Kotak Multi Asset Omni FOF - Direct Growth - Direct,10-06-2025,251.59900
119777,Kotak Multi Asset Omni FOF - Direct Growth - Direct,09-06-2025,251.71900
119777,Kotak Multi Asset Omni FOF - Direct Growth - Direct,06-06-2025,250.86000
119777,Kotak Multi Asset Omni FOF - Direct Growth - Direct,05-06-2025,250.19300
119777,Kotak Multi Asset Omni FOF - Direct Growth - Direct,04-06-2025,249.64900
119777,Kotak Multi Asset Omni FOF - Direct Growth - Direct,03-06-2025,248.63800
119777,Kotak Multi Asset Omni FOF - Direct Growth - Direct,02-06-2025,248.78500
119777,Kotak Multi Asset Omni FOF - Direct Growth - Direct,30-05-2025,248.04400
119777,Kotak Multi Asset Omni FOF - Direct Growth - Direct,29-05-2025,247.59900
119777,Kotak Multi Asset Omni FOF - Direct Growth - Direct,28-05-2025,247.27000
119777,Kotak Multi Asset Omni FOF - Direct Growth - Direct,27-05-2025,246.80100
119777,Kotak Multi Asset Omni FOF - Direct Growth - Direct,26-05-2025,247.04900
119777,Kotak Multi Asset Omni FOF - Direct Growth - Direct,23-05-2025,246.33000
119777,Kotak Multi Asset Omni FOF - Direct Growth - Direct,22-05-2025,245.57500
119777,Kotak Multi Asset Omni FOF - Direct Growth - Direct,21-05-2025,246.31800
119777,Kotak Multi Asset Omni FOF - Direct Growth - Direct,20-05-2025,244.87200
119777,Kotak Multi Asset Omni FOF - Direct Growth - Direct,19-05-2025,247.05800
119777,Kotak Multi Asset Omni FOF - Direct Growth - Direct,16-05-2025,246.39500
119777,Kotak Multi Asset Omni FOF - Direct Growth - Direct,15-05-2025,245.62500
119777,Kotak Multi Asset Omni FOF - Direct Growth - Direct,14-05-2025,243.85200
119777,Kotak Multi Asset Omni FOF - Direct Growth - Direct,13-05-2025,242.70900
119777,Kotak Multi Asset Omni FOF - Direct Growth - Direct,12-05-2025,242.63000
119777,Kotak Multi Asset Omni FOF - Direct Growth - Direct,09-05-2025,236.95100
119777,Kotak Multi Asset Omni FOF - Direct Growth - Direct,08-05-2025,237.33500
119777,Kotak Multi Asset Omni FOF - Direct Growth - Direct,07-05-2025,238.96800
119777,Kotak Multi Asset Omni FOF - Direct Growth - Direct,06-05-2025,238.59200
119777,Kotak Multi Asset Omni FOF - Direct Growth - Direct,05-05-2025,240.52400
119777,Kotak Multi Asset Omni FOF - Direct Growth - Direct,02-05-2025,238.93100
119777,Kotak Multi Asset Omni FOF - Direct Growth - Direct,30-04-2025,238.69900
119777,Kotak Multi Asset Omni FOF - Direct Growth - Direct,29-04-2025,239.81300
119777,Kotak Multi Asset Omni FOF - Direct Growth - Direct,28-04-2025,239.21000
119777,Kotak Multi Asset Omni FOF - Direct Growth - Direct,25-04-2025,237.93800
119777,Kotak Multi Asset Omni FOF - Direct Growth - Direct,24-04-2025,240.55200
119777,Kotak Multi Asset Omni FOF - Direct Growth - Direct,23-04-2025,240.89500
119777,Kotak Multi Asset Omni FOF - Direct Growth - Direct,22-04-2025,239.83100
119777,Kotak Multi Asset Omni FOF - Direct Growth - Direct,21-04-2025,238.51100
119777,Kotak Multi Asset Omni FOF - Direct Growth - Direct,17-04-2025,235.56800
119777,Kotak Multi Asset Omni FOF - Direct Growth - Direct,16-04-2025,233.94900
119777,Kotak Multi Asset Omni FOF - Direct Growth - Direct,15-04-2025,232.54400
119777,Kotak Multi Asset Omni FOF - Direct Growth - Direct,11-04-2025,228.79100
119777,Kotak Multi Asset Omni FOF - Direct Growth - Direct,09-04-2025,224.70000
119777,Kotak Multi Asset Omni FOF - Direct Growth - Direct,08-04-2025,225.65500
119777,Kotak Multi Asset Omni FOF - Direct Growth - Direct,07-04-2025,222.87100
119777,Kotak Multi Asset Omni FOF - Direct Growth - Direct,04-04-2025,227.68500
119777,Kotak Multi Asset Omni FOF - Direct Growth - Direct,03-04-2025,231.85000
119777,Kotak Multi Asset Omni FOF - Direct Growth - Direct,02-04-2025,232.88600
119777,Kotak Multi Asset Omni FOF - Direct Growth - Direct,01-04-2025,231.37200
119777,Kotak Multi Asset Omni FOF - Direct Growth - Direct,31-03-2025,231.89300
119777,Kotak Multi Asset Omni FOF - Direct Growth - Direct,28-03-2025,232.09600
119777,Kotak Multi Asset Omni FOF - Direct Growth - Direct,27-03-2025,232.77900
119777,Kotak Multi Asset Omni FOF - Direct Growth - Direct,26-03-2025,231.59400
119777,Kotak Multi Asset Omni FOF - Direct Growth - Direct,25-03-2025,232.79100
119777,Kotak Multi Asset Omni FOF - Direct Growth - Direct,24-03-2025,233.68800
119777,Kotak Multi Asset Omni FOF - Direct Growth - Direct,21-03-2025,231.45400
119777,Kotak Multi Asset Omni FOF - Direct Growth - Direct,20-03-2025,230.12800
119777,Kotak Multi Asset Omni FOF - Direct Growth - Direct,19-03-2025,228.64100
119777,Kotak Multi Asset Omni FOF - Direct Growth - Direct,18-03-2025,226.96100
119777,Kotak Multi Asset Omni FOF - Direct Growth - Direct,17-03-2025,224.26800
119777,Kotak Multi Asset Omni FOF - Direct Growth - Direct,13-03-2025,223.40500
119777,Kotak Multi Asset Omni FOF - Direct Growth - Direct,12-03-2025,224.13000
119777,Kotak Multi Asset Omni FOF - Direct Growth - Direct,11-03-2025,224.56800
119777,Kotak Multi Asset Omni FOF - Direct Growth - Direct,10-03-2025,224.69300
119777,Kotak Multi Asset Omni FOF - Direct Growth - Direct,07-03-2025,226.32800
119777,Kotak Multi Asset Omni FOF - Direct Growth - Direct,06-03-2025,226.66700
119777,Kotak Multi Asset Omni FOF - Direct Growth - Direct,05-03-2025,225.19000
119777,Kotak Multi Asset Omni FOF - Direct Growth - Direct,04-03-2025,222.53800
119777,Kotak Multi Asset Omni FOF - Direct Growth - Direct,03-03-2025,222.40700
119777,Kotak Multi Asset Omni FOF - Direct Growth - Direct,28-02-2025,222.26200
119777,Kotak Multi Asset Omni FOF - Direct Growth - Direct,27-02-2025,225.77100
119777,Kotak Multi Asset Omni FOF - Direct Growth - Direct,25-02-2025,227.30200
119777,Kotak Multi Asset Omni FOF - Direct Growth - Direct,24-02-2025,227.95000
119777,Kotak Multi Asset Omni FOF - Direct Growth - Direct,21-02-2025,229.22000
119777,Kotak Multi Asset Omni FOF - Direct Growth - Direct,20-02-2025,230.53700
119777,Kotak Multi Asset Omni FOF - Direct Growth - Direct,19-02-2025,229.84800
119777,Kotak Multi Asset Omni FOF - Direct Growth - Direct,18-02-2025,228.61100
119777,Kotak Multi Asset Omni FOF - Direct Growth - Direct,17-02-2025,229.05800
119777,Kotak Multi Asset Omni FOF - Direct Growth - Direct,14-02-2025,229.78400
119777,Kotak Multi Asset Omni FOF - Direct Growth - Direct,13-02-2025,231.47200
119777,Kotak Multi Asset Omni FOF - Direct Growth - Direct,12-02-2025,231.58300
119777,Kotak Multi Asset Omni FOF - Direct Growth - Direct,11-02-2025,231.84400
119777,Kotak Multi Asset Omni FOF - Direct Growth - Direct,10-02-2025,234.93800
119777,Kotak Multi Asset Omni FOF - Direct Growth - Direct,07-02-2025,235.99900
119777,Kotak Multi Asset Omni FOF - Direct Growth - Direct,06-02-2025,236.51900
119777,Kotak Multi Asset Omni FOF - Direct Growth - Direct,05-02-2025,237.13200
119777,Kotak Multi Asset Omni FOF - Direct Growth - Direct,04-02-2025,235.98800
119777,Kotak Multi Asset Omni FOF - Direct Growth - Direct,03-02-2025,233.97900
119777,Kotak Multi Asset Omni FOF - Direct Growth - Direct,31-01-2025,234.73800
119777,Kotak Multi Asset Omni FOF - Direct Growth - Direct,30-01-2025,232.52600
119777,Kotak Multi Asset Omni FOF - Direct Growth - Direct,29-01-2025,232.12600
119777,Kotak Multi Asset Omni FOF - Direct Growth - Direct,28-01-2025,229.95700
119777,Kotak Multi Asset Omni FOF - Direct Growth - Direct,27-01-2025,229.94600
119777,Kotak Multi Asset Omni FOF - Direct Growth - Direct,24-01-2025,232.84800
119777,Kotak Multi Asset Omni FOF - Direct Growth - Direct,23-01-2025,234.08600
119777,Kotak Multi Asset Omni FOF - Direct Growth - Direct,22-01-2025,232.94800
119777,Kotak Multi Asset Omni FOF - Direct Growth - Direct,21-01-2025,233.03200
119777,Kotak Multi Asset Omni FOF - Direct Growth - Direct,20-01-2025,235.00300
119777,Kotak Multi Asset Omni FOF - Direct Growth - Direct,17-01-2025,234.08400
119777,Kotak Multi Asset Omni FOF - Direct Growth - Direct,16-01-2025,234.24300
119777,Kotak Multi Asset Omni FOF - Direct Growth - Direct,15-01-2025,232.72500
119777,Kotak Multi Asset Omni FOF - Direct Growth - Direct,14-01-2025,231.65700
119777,Kotak Multi Asset Omni FOF - Direct Growth - Direct,13-01-2025,230.07000
119777,Kotak Multi Asset Omni FOF - Direct Growth - Direct,10-01-2025,233.95000
119777,Kotak Multi Asset Omni FOF - Direct Growth - Direct,09-01-2025,235.58000
119777,Kotak Multi Asset Omni FOF - Direct Growth - Direct,08-01-2025,236.52800
119777,Kotak Multi Asset Omni FOF - Direct Growth - Direct,07-01-2025,237.18900
119777,Kotak Multi Asset Omni FOF - Direct Growth - Direct,06-01-2025,236.75500
119777,Kotak Multi Asset Omni FOF - Direct Growth - Direct,03-01-2025,239.58700
119777,Kotak Multi Asset Omni FOF - Direct Growth - Direct,02-01-2025,239.56800
119777,Kotak Multi Asset Omni FOF - Direct Growth - Direct,01-01-2025,238.20600
119777,Kotak Multi Asset Omni FOF - Direct Growth - Direct,31-12-2024,237.50600
119777,Kotak Multi Asset Omni FOF - Direct Growth - Direct,30-12-2024,237.03800
119777,Kotak Multi Asset Omni FOF - Direct Growth - Direct,27-12-2024,237.81300
119777,Kotak Multi Asset Omni FOF - Direct Growth - Direct,26-12-2024,237.77200
119777,Kotak Multi Asset Omni FOF - Direct Growth - Direct,24-12-2024,237.53900
119777,Kotak Multi Asset Omni FOF - Direct Growth - Direct,23-12-2024,237.47300
119777,Kotak Multi Asset Omni FOF - Direct Growth - Direct,20-12-2024,236.97100
119777,Kotak Multi Asset Omni FOF - Direct Growth - Direct,19-12-2024,239.48900
119777,Kotak Multi Asset Omni FOF - Direct Growth - Direct,18-12-2024,241.30900
119777,Kotak Multi Asset Omni FOF - Direct Growth - Direct,17-12-2024,241.91000
119777,Kotak Multi Asset Omni FOF - Direct Growth - Direct,16-12-2024,243.49100
119777,Kotak Multi Asset Omni FOF - Direct Growth - Direct,13-12-2024,242.99600
119777,Kotak Multi Asset Omni FOF - Direct Growth - Direct,12-12-2024,242.88900
119777,Kotak Multi Asset Omni FOF - Direct Growth - Direct,11-12-2024,243.37400
119777,Kotak Multi Asset Omni FOF - Direct Growth - Direct,10-12-2024,242.70000
119777,Kotak Multi Asset Omni FOF - Direct Growth - Direct,09-12-2024,242.20600
119777,Kotak Multi Asset Omni FOF - Direct Growth - Direct,06-12-2024,242.22100
119777,Kotak Multi Asset Omni FOF - Direct Growth - Direct,05-12-2024,242.12600
119777,Kotak Multi Asset Omni FOF - Direct Growth - Direct,04-12-2024,241.36700
119777,Kotak Multi Asset Omni FOF - Direct Growth - Direct,03-12-2024,240.41300
119777,Kotak Multi Asset Omni FOF - Direct Growth - Direct,02-12-2024,239.12600
119777,Kotak Multi Asset Omni FOF - Direct Growth - Direct,29-11-2024,237.99300
119777,Kotak Multi Asset Omni FOF - Direct Growth - Direct,28-11-2024,236.89600
119777,Kotak Multi Asset Omni FOF - Direct Growth - Direct,27-11-2024,237.18900
119777,Kotak Multi Asset Omni FOF - Direct Growth - Direct,26-11-2024,236.34600
119777,Kotak Multi Asset Omni FOF - Direct Growth - Direct,25-11-2024,236.62400
119777,Kotak Multi Asset Omni FOF - Direct Growth - Direct,22-11-2024,234.47800
119777,Kotak Multi Asset Omni FOF - Direct Growth - Direct,21-11-2024,231.97500
119777,Kotak Multi Asset Omni FOF - Direct Growth - Direct,19-11-2024,232.50500
119777,Kotak Multi Asset Omni FOF - Direct Growth - Direct,18-11-2024,231.73000
119777,Kotak Multi Asset Omni FOF - Direct Growth - Direct,14-11-2024,231.87000
119777,Kotak Multi Asset Omni FOF - Direct Growth - Direct,13-11-2024,232.68800
119777,Kotak Multi Asset Omni FOF - Direct Growth - Direct,12-11-2024,234.74700
119777,Kotak Multi Asset Omni FOF - Direct Growth - Direct,11-11-2024,237.26000
119777,Kotak Multi Asset Omni FOF - Direct Growth - Direct,08-11-2024,237.58600
119777,Kotak Multi Asset Omni FOF - Direct Growth - Direct,07-11-2024,238.37800
119777,Kotak Multi Asset Omni FOF - Direct Growth - Direct,06-11-2024,239.65000
119777,Kotak Multi Asset Omni FOF - Direct Growth - Direct,05-11-2024,237.08900
119777,Kotak Multi Asset Omni FOF - Direct Growth - Direct,04-11-2024,236.18500
119777,Kotak Multi Asset Omni FOF - Direct Growth - Direct,31-10-2024,236.87800
119777,Kotak Multi Asset Omni FOF - Direct Growth - Direct,30-10-2024,237.85100
119777,Kotak Multi Asset Omni FOF - Direct Growth - Direct,29-10-2024,237.30700
119777,Kotak Multi Asset Omni FOF - Direct Growth - Direct,28-10-2024,235.73500
119777,Kotak Multi Asset Omni FOF - Direct Growth - Direct,25-10-2024,234.60900
119777,Kotak Multi Asset Omni FOF - Direct Growth - Direct,24-10-2024,236.43100
119777,Kotak Multi Asset Omni FOF - Direct Growth - Direct,23-10-2024,237.17900
119777,Kotak Multi Asset Omni FOF - Direct Growth - Direct,22-10-2024,236.76900
119777,Kotak Multi Asset Omni FOF - Direct Growth - Direct,21-10-2024,239.62400
119777,Kotak Multi Asset Omni FOF - Direct Growth - Direct,18-10-2024,240.61400
119777,Kotak Multi Asset Omni FOF - Direct Growth - Direct,17-10-2024,240.32400
119777,Kotak Multi Asset Omni FOF - Direct Growth - Direct,16-10-2024,241.60300
119777,Kotak Multi Asset Omni FOF - Direct Growth - Direct,15-10-2024,241.61400
119777,Kotak Multi Asset Omni FOF - Direct Growth - Direct,14-10-2024,241.45800
119777,Kotak Multi Asset Omni FOF - Direct Growth - Direct,11-10-2024,240.56700
119777,Kotak Multi Asset Omni FOF - Direct Growth - Direct,10-10-2024,239.95100
119777,Kotak Multi Asset Omni FOF - Direct Growth - Direct,09-10-2024,240.03200
119777,Kotak Multi Asset Omni FOF - Direct Growth - Direct,08-10-2024,239.23000
119777,Kotak Multi Asset Omni FOF - Direct Growth - Direct,07-10-2024,237.83800
119777,Kotak Multi Asset Omni FOF - Direct Growth - Direct,04-10-2024,239.69500
119777,Kotak Multi Asset Omni FOF - Direct Growth - Direct,03-10-2024,240.72100
119777,Kotak Multi Asset Omni FOF - Direct Growth - Direct,01-10-2024,243.08300
119777,Kotak Multi Asset Omni FOF - Direct Growth - Direct,30-09-2024,242.55100
119777,Kotak Multi Asset Omni FOF - Direct Growth - Direct,27-09-2024,243.50000
119777,Kotak Multi Asset Omni FOF - Direct Growth - Direct,26-09-2024,243.71000
119777,Kotak Multi Asset Omni FOF - Direct Growth - Direct,25-09-2024,242.74400
119777,Kotak Multi Asset Omni FOF - Direct Growth - Direct,24-09-2024,242.51900
119777,Kotak Multi Asset Omni FOF - Direct Growth - Direct,23-09-2024,242.18900
119777,Kotak Multi Asset Omni FOF - Direct Growth - Direct,20-09-2024,240.48100
119777,Kotak Multi Asset Omni FOF - Direct Growth - Direct,19-09-2024,239.20500
119777,Kotak Multi Asset Omni FOF - Direct Growth - Direct,18-09-2024,239.06200
119777,Kotak Multi Asset Omni FOF - Direct Growth - Direct,17-09-2024,240.12700
119777,Kotak Multi Asset Omni FOF - Direct Growth - Direct,16-09-2024,240.11900
119777,Kotak Multi Asset Omni FOF - Direct Growth - Direct,13-09-2024,239.79400
119777,Kotak Multi Asset Omni FOF - Direct Growth - Direct,12-09-2024,238.54300
119777,Kotak Multi Asset Omni FOF - Direct Growth - Direct,11-09-2024,236.36900
119777,Kotak Multi Asset Omni FOF - Direct Growth - Direct,10-09-2024,236.56200
119777,Kotak Multi Asset Omni FOF - Direct Growth - Direct,09-09-2024,235.25800
119777,Kotak Multi Asset Omni FOF - Direct Growth - Direct,06-09-2024,235.72200
119777,Kotak Multi Asset Omni FOF - Direct Growth - Direct,05-09-2024,237.40500
119777,Kotak Multi Asset Omni FOF - Direct Growth - Direct,04-09-2024,236.55600
119777,Kotak Multi Asset Omni FOF - Direct Growth - Direct,03-09-2024,237.12900
119777,Kotak Multi Asset Omni FOF - Direct Growth - Direct,02-09-2024,237.21700
119777,Kotak Multi Asset Omni FOF - Direct Growth - Direct,30-08-2024,237.32700
119777,Kotak Multi Asset Omni FOF - Direct Growth - Direct,29-08-2024,236.65700
119777,Kotak Multi Asset Omni FOF - Direct Growth - Direct,28-08-2024,236.38100
119777,Kotak Multi Asset Omni FOF - Direct Growth - Direct,27-08-2024,236.53100
119777,Kotak Multi Asset Omni FOF - Direct Growth - Direct,26-08-2024,236.64300
119777,Kotak Multi Asset Omni FOF - Direct Growth - Direct,23-08-2024,235.84900
119777,Kotak Multi Asset Omni FOF - Direct Growth - Direct,22-08-2024,235.87400
119777,Kotak Multi Asset Omni FOF - Direct Growth - Direct,21-08-2024,235.46000
119777,Kotak Multi Asset Omni FOF - Direct Growth - Direct,20-08-2024,234.88700
119777,Kotak Multi Asset Omni FOF - Direct Growth - Direct,19-08-2024,234.01300
119777,Kotak Multi Asset Omni FOF - Direct Growth - Direct,16-08-2024,232.97400
119777,Kotak Multi Asset Omni FOF - Direct Growth - Direct,14-08-2024,230.83800
119777,Kotak Multi Asset Omni FOF - Direct Growth - Direct,13-08-2024,230.51200
119777,Kotak Multi Asset Omni FOF - Direct Growth - Direct,12-08-2024,230.68000
119777,Kotak Multi Asset Omni FOF - Direct Growth - Direct,09-08-2024,230.23700
119777,Kotak Multi Asset Omni FOF - Direct Growth - Direct,08-08-2024,229.04400
119777,Kotak Multi Asset Omni FOF - Direct Growth - Direct,07-08-2024,229.80000
119777,Kotak Multi Asset Omni FOF - Direct Growth - Direct,06-08-2024,227.80200
119777,Kotak Multi Asset Omni FOF - Direct Growth - Direct,05-08-2024,228.45500
119777,Kotak Multi Asset Omni FOF - Direct Growth - Direct,02-08-2024,232.63600
119777,Kotak Multi Asset Omni FOF - Direct Growth - Direct,01-08-2024,234.03900
119777,Kotak Multi Asset Omni FOF - Direct Growth - Direct,31-07-2024,234.32200
119777,Kotak Multi Asset Omni FOF - Direct Growth - Direct,30-07-2024,233.20100
119777,Kotak Multi Asset Omni FOF - Direct Growth - Direct,29-07-2024,233.43100
119777,Kotak Multi Asset Omni FOF - Direct Growth - Direct,26-07-2024,232.79400
119777,Kotak Multi Asset Omni FOF - Direct Growth - Direct,25-07-2024,230.86300
119777,Kotak Multi Asset Omni FOF - Direct Growth - Direct,24-07-2024,231.71900
119777,Kotak Multi Asset Omni FOF - Direct Growth - Direct,23-07-2024,232.44500
119777,Kotak Multi Asset Omni FOF - Direct Growth - Direct,22-07-2024,233.51300
119777,Kotak Multi Asset Omni FOF - Direct Growth - Direct,19-07-2024,232.98700
119777,Kotak Multi Asset Omni FOF - Direct Growth - Direct,18-07-2024,234.97600
119777,Kotak Multi Asset Omni FOF - Direct Growth - Direct,16-07-2024,235.22800
119777,Kotak Multi Asset Omni FOF - Direct Growth - Direct,15-07-2024,235.06400
119777,Kotak Multi Asset Omni FOF - Direct Growth - Direct,12-07-2024,234.16200
119777,Kotak Multi Asset Omni FOF - Direct Growth - Direct,11-07-2024,233.67400
119777,Kotak Multi Asset Omni FOF - Direct Growth - Direct,10-07-2024,233.70700
119777,Kotak Multi Asset Omni FOF - Direct Growth - Direct,09-07-2024,234.02300
119777,Kotak Multi Asset Omni FOF - Direct Growth - Direct,08-07-2024,233.29800
119777,Kotak Multi Asset Omni FOF - Direct Growth - Direct,05-07-2024,233.52700
119777,Kotak Multi Asset Omni FOF - Direct Growth - Direct,04-07-2024,233.01200
119777,Kotak Multi Asset Omni FOF - Direct Growth - Direct,03-07-2024,232.52700
119777,Kotak Multi Asset Omni FOF - Direct Growth - Direct,02-07-2024,231.05700
119777,Kotak Multi Asset Omni FOF - Direct Growth - Direct,01-07-2024,231.08800
119777,Kotak Multi Asset Omni FOF - Direct Growth - Direct,28-06-2024,230.66500
119777,Kotak Multi Asset Omni FOF - Direct Growth - Direct,27-06-2024,230.47200
119777,Kotak Multi Asset Omni FOF - Direct Growth - Direct,26-06-2024,230.39900
119777,Kotak Multi Asset Omni FOF - Direct Growth - Direct,25-06-2024,230.04800
119777,Kotak Multi Asset Omni FOF - Direct Growth - Direct,24-06-2024,229.66000
119777,Kotak Multi Asset Omni FOF - Direct Growth - Direct,21-06-2024,230.06300
119777,Kotak Multi Asset Omni FOF - Direct Growth - Direct,20-06-2024,230.35000
119777,Kotak Multi Asset Omni FOF - Direct Growth - Direct,19-06-2024,230.17100
119777,Kotak Multi Asset Omni FOF - Direct Growth - Direct,18-06-2024,230.45500
119777,Kotak Multi Asset Omni FOF - Direct Growth - Direct,14-06-2024,229.35900
119777,Kotak Multi Asset Omni FOF - Direct Growth - Direct,13-06-2024,228.49100
119777,Kotak Multi Asset Omni FOF - Direct Growth - Direct,12-06-2024,227.95300
119777,Kotak Multi Asset Omni FOF - Direct Growth - Direct,11-06-2024,226.46500
119777,Kotak Multi Asset Omni FOF - Direct Growth - Direct,10-06-2024,225.69800
119777,Kotak Multi Asset Omni FOF - Direct Growth - Direct,07-06-2024,225.15100
119777,Kotak Multi Asset Omni FOF - Direct Growth - Direct,06-06-2024,223.32100
119777,Kotak Multi Asset Omni FOF - Direct Growth - Direct,05-06-2024,220.64100
119777,Kotak Multi Asset Omni FOF - Direct Growth - Direct,04-06-2024,216.92900
119777,Kotak Multi Asset Omni FOF - Direct Growth - Direct,03-06-2024,226.08500
119777,Kotak Multi Asset Omni FOF - Direct Growth - Direct,31-05-2024,221.44800
119777,Kotak Multi Asset Omni FOF - Direct Growth - Direct,30-05-2024,221.16800
119777,Kotak Multi Asset Omni FOF - Direct Growth - Direct,29-05-2024,222.06600
119777,Kotak Multi Asset Omni FOF - Direct Growth - Direct,28-05-2024,222.50700
119777,Kotak Multi Asset Omni FOF - Direct Growth - Direct,27-05-2024,223.10500
119777,Kotak Multi Asset Omni FOF - Direct Growth - Direct,24-05-2024,222.64400
119777,Kotak Multi Asset Omni FOF - Direct Growth - Direct,23-05-2024,222.93700
119777,Kotak Multi Asset Omni FOF - Direct Growth - Direct,22-05-2024,222.29400
119777,Kotak Multi Asset Omni FOF - Direct Growth - Direct,21-05-2024,221.63200
119777,Kotak Multi Asset Omni FOF - Direct Growth - Direct,17-05-2024,220.09600
119777,Kotak Multi Asset Omni FOF - Direct Growth - Direct,16-05-2024,219.43000
119777,Kotak Multi Asset Omni FOF - Direct Growth - Direct,15-05-2024,218.36500
119777,Kotak Multi Asset Omni FOF - Direct Growth - Direct,14-05-2024,216.84800
119777,Kotak Multi Asset Omni FOF - Direct Growth - Direct,13-05-2024,215.62400
119777,Kotak Multi Asset Omni FOF - Direct Growth - Direct,10-05-2024,215.96400
119777,Kotak Multi Asset Omni FOF - Direct Growth - Direct,09-05-2024,214.45100
119777,Kotak Multi Asset Omni FOF - Direct Growth - Direct,08-05-2024,215.96900
119777,Kotak Multi Asset Omni FOF - Direct Growth - Direct,07-05-2024,215.03600
119777,Kotak Multi Asset Omni FOF - Direct Growth - Direct,06-05-2024,218.23300
119777,Kotak Multi Asset Omni FOF - Direct Growth - Direct,03-05-2024,217.43200
119777,Kotak Multi Asset Omni FOF - Direct Growth - Direct,02-05-2024,217.59800
119777,Kotak Multi Asset Omni FOF - Direct Growth - Direct,30-04-2024,217.41700
119777,Kotak Multi Asset Omni FOF - Direct Growth - Direct,29-04-2024,217.25200
119777,Kotak Multi Asset Omni FOF - Direct Growth - Direct,26-04-2024,216.24500
119777,Kotak Multi Asset Omni FOF - Direct Growth - Direct,25-04-2024,215.12400
119777,Kotak Multi Asset Omni FOF - Direct Growth - Direct,24-04-2024,214.29600
119777,Kotak Multi Asset Omni FOF - Direct Growth - Direct,23-04-2024,213.62600
119777,Kotak Multi Asset Omni FOF - Direct Growth - Direct,22-04-2024,213.62400
119777,Kotak Multi Asset Omni FOF - Direct Growth - Direct,19-04-2024,212.95100
119777,Kotak Multi Asset Omni FOF - Direct Growth - Direct,18-04-2024,213.14100
119777,Kotak Multi Asset Omni FOF - Direct Growth - Direct,16-04-2024,213.68100
119777,Kotak Multi Asset Omni FOF - Direct Growth - Direct,15-04-2024,213.64100
119777,Kotak Multi Asset Omni FOF - Direct Growth - Direct,12-04-2024,214.95400
119777,Kotak Multi Asset Omni FOF - Direct Growth - Direct,10-04-2024,215.10700
119777,Kotak Multi Asset Omni FOF - Direct Growth - Direct,09-04-2024,214.40600
119777,Kotak Multi Asset Omni FOF - Direct Growth - Direct,08-04-2024,214.61400
119777,Kotak Multi Asset Omni FOF - Direct Growth - Direct,05-04-2024,213.24500
119777,Kotak Multi Asset Omni FOF - Direct Growth - Direct,04-04-2024,213.31300
119777,Kotak Multi Asset Omni FOF - Direct Growth - Direct,03-04-2024,212.98300
119777,Kotak Multi Asset Omni FOF - Direct Growth - Direct,02-04-2024,212.61300
119777,Kotak Multi Asset Omni FOF - Direct Growth - Direct,01-04-2024,212.40700
119777,Kotak Multi Asset Omni FOF - Direct Growth - Direct,31-03-2024,210.63800
119777,Kotak Multi Asset Omni FOF - Direct Growth - Direct,28-03-2024,210.64100
119777,Kotak Multi Asset Omni FOF - Direct Growth - Direct,27-03-2024,209.51600
119777,Kotak Multi Asset Omni FOF - Direct Growth - Direct,26-03-2024,209.21500
119777,Kotak Multi Asset Omni FOF - Direct Growth - Direct,22-03-2024,208.89200
119777,Kotak Multi Asset Omni FOF - Direct Growth - Direct,21-03-2024,208.50300
119777,Kotak Multi Asset Omni FOF - Direct Growth - Direct,20-03-2024,206.15500
119777,Kotak Multi Asset Omni FOF - Direct Growth - Direct,19-03-2024,205.74200
119777,Kotak Multi Asset Omni FOF - Direct Growth - Direct,18-03-2024,206.70100
119777,Kotak Multi Asset Omni FOF - Direct Growth - Direct,15-03-2024,206.38400
119777,Kotak Multi Asset Omni FOF - Direct Growth - Direct,14-03-2024,207.02800
119777,Kotak Multi Asset Omni FOF - Direct Growth - Direct,13-03-2024,205.59700
119777,Kotak Multi Asset Omni FOF - Direct Growth - Direct,12-03-2024,208.41200
119777,Kotak Multi Asset Omni FOF - Direct Growth - Direct,11-03-2024,208.86300
119777,Kotak Multi Asset Omni FOF - Direct Growth - Direct,07-03-2024,209.42000
119777,Kotak Multi Asset Omni FOF - Direct Growth - Direct,06-03-2024,208.66300
119777,Kotak Multi Asset Omni FOF - Direct Growth - Direct,05-03-2024,208.90300
119777,Kotak Multi Asset Omni FOF - Direct Growth - Direct,04-03-2024,209.04700
119777,Kotak Multi Asset Omni FOF - Direct Growth - Direct,01-03-2024,207.96300
119777,Kotak Multi Asset Omni FOF - Direct Growth - Direct,29-02-2024,206.28800
119777,Kotak Multi Asset Omni FOF - Direct Growth - Direct,28-02-2024,205.85900
119777,Kotak Multi Asset Omni FOF - Direct Growth - Direct,27-02-2024,207.19100
119777,Kotak Multi Asset Omni FOF - Direct Growth - Direct,26-02-2024,207.03600
119777,Kotak Multi Asset Omni FOF - Direct Growth - Direct,23-02-2024,207.10200
119777,Kotak Multi Asset Omni FOF - Direct Growth - Direct,22-02-2024,206.98900
119777,Kotak Multi Asset Omni FOF - Direct Growth - Direct,21-02-2024,205.53700
119777,Kotak Multi Asset Omni FOF - Direct Growth - Direct,20-02-2024,206.14300
119777,Kotak Multi Asset Omni FOF - Direct Growth - Direct,19-02-2024,206.40500
119777,Kotak Multi Asset Omni FOF - Direct Growth - Direct,16-02-2024,205.97600
119777,Kotak Multi Asset Omni FOF - Direct Growth - Direct,15-02-2024,205.27300
119777,Kotak Multi Asset Omni FOF - Direct Growth - Direct,14-02-2024,204.42900
119777,Kotak Multi Asset Omni FOF - Direct Growth - Direct,13-02-2024,203.75000
119777,Kotak Multi Asset Omni FOF - Direct Growth - Direct,12-02-2024,203.83200
119777,Kotak Multi Asset Omni FOF - Direct Growth - Direct,09-02-2024,205.53800
119777,Kotak Multi Asset Omni FOF - Direct Growth - Direct,08-02-2024,205.66200
119777,Kotak Multi Asset Omni FOF - Direct Growth - Direct,07-02-2024,205.70700
119777,Kotak Multi Asset Omni FOF - Direct Growth - Direct,06-02-2024,205.02100
119777,Kotak Multi Asset Omni FOF - Direct Growth - Direct,05-02-2024,203.91500
119777,Kotak Multi Asset Omni FOF - Direct Growth - Direct,02-02-2024,204.48600
119777,Kotak Multi Asset Omni FOF - Direct Growth - Direct,01-02-2024,202.97200
119777,Kotak Multi Asset Omni FOF - Direct Growth - Direct,31-01-2024,202.21800
119777,Kotak Multi Asset Omni FOF - Direct Growth - Direct,30-01-2024,201.13400
119777,Kotak Multi Asset Omni FOF - Direct Growth - Direct,29-01-2024,201.26600
119777,Kotak Multi Asset Omni FOF - Direct Growth - Direct,25-01-2024,199.71600
119777,Kotak Multi Asset Omni FOF - Direct Growth - Direct,24-01-2024,200.24300
119777,Kotak Multi Asset Omni FOF - Direct Growth - Direct,23-01-2024,198.51100
119777,Kotak Multi Asset Omni FOF - Direct Growth - Direct,19-01-2024,199.87700
119777,Kotak Multi Asset Omni FOF - Direct Growth - Direct,18-01-2024,198.47800
119777,Kotak Multi Asset Omni FOF - Direct Growth - Direct,17-01-2024,198.21400
119777,Kotak Multi Asset Omni FOF - Direct Growth - Direct,16-01-2024,200.05500
119777,Kotak Multi Asset Omni FOF - Direct Growth - Direct,15-01-2024,200.19800
119777,Kotak Multi Asset Omni FOF - Direct Growth - Direct,12-01-2024,199.43600
119777,Kotak Multi Asset Omni FOF - Direct Growth - Direct,11-01-2024,198.30900
119777,Kotak Multi Asset Omni FOF - Direct Growth - Direct,10-01-2024,197.83700
119777,Kotak Multi Asset Omni FOF - Direct Growth - Direct,09-01-2024,197.73000
119777,Kotak Multi Asset Omni FOF - Direct Growth - Direct,08-01-2024,197.16500
119777,Kotak Multi Asset Omni FOF - Direct Growth - Direct,05-01-2024,198.27900
119777,Kotak Multi Asset Omni FOF - Direct Growth - Direct,04-01-2024,198.16300
119777,Kotak Multi Asset Omni FOF - Direct Growth - Direct,03-01-2024,197.54800
119777,Kotak Multi Asset Omni FOF - Direct Growth - Direct,02-01-2024,197.80900
119777,Kotak Multi Asset Omni FOF - Direct Growth - Direct,01-01-2024,198.45900
119777,Kotak Multi Asset Omni FOF - Direct Growth - Direct,29-12-2023,198.22700
119777,Kotak Multi Asset Omni FOF - Direct Growth - Direct,28-12-2023,197.95000
119777,Kotak Multi Asset Omni FOF - Direct Growth - Direct,27-12-2023,197.09000
119777,Kotak Multi Asset Omni FOF - Direct Growth - Direct,26-12-2023,195.99000
119777,Kotak Multi Asset Omni FOF - Direct Growth - Direct,22-12-2023,195.31900
119777,Kotak Multi Asset Omni FOF - Direct Growth - Direct,21-12-2023,194.44500
119777,Kotak Multi Asset Omni FOF - Direct Growth - Direct,19-12-2023,196.16800
119777,Kotak Multi Asset Omni FOF - Direct Growth - Direct,18-12-2023,195.81700
119777,Kotak Multi Asset Omni FOF - Direct Growth - Direct,15-12-2023,195.83600
119777,Kotak Multi Asset Omni FOF - Direct Growth - Direct,14-12-2023,194.71200
119777,Kotak Multi Asset Omni FOF - Direct Growth - Direct,13-12-2023,193.18300
119777,Kotak Multi Asset Omni FOF - Direct Growth - Direct,12-12-2023,192.42600
119777,Kotak Multi Asset Omni FOF - Direct Growth - Direct,11-12-2023,192.65800
119777,Kotak Multi Asset Omni FOF - Direct Growth - Direct,08-12-2023,192.27600
119777,Kotak Multi Asset Omni FOF - Direct Growth - Direct,07-12-2023,192.14500
119777,Kotak Multi Asset Omni FOF - Direct Growth - Direct,06-12-2023,191.62300
119777,Kotak Multi Asset Omni FOF - Direct Growth - Direct,05-12-2023,191.23400
119777,Kotak Multi Asset Omni FOF - Direct Growth - Direct,04-12-2023,190.62900
119777,Kotak Multi Asset Omni FOF - Direct Growth - Direct,01-12-2023,188.57400
119777,Kotak Multi Asset Omni FOF - Direct Growth - Direct,30-11-2023,187.55500
119777,Kotak Multi Asset Omni FOF - Direct Growth - Direct,29-11-2023,187.33900
119777,Kotak Multi Asset Omni FOF - Direct Growth - Direct,28-11-2023,186.23200
119777,Kotak Multi Asset Omni FOF - Direct Growth - Direct,24-11-2023,185.52100
119777,Kotak Multi Asset Omni FOF - Direct Growth - Direct,23-11-2023,185.63500
119777,Kotak Multi Asset Omni FOF - Direct Growth - Direct,22-11-2023,185.68000
119777,Kotak Multi Asset Omni FOF - Direct Growth - Direct,21-11-2023,185.62900
119777,Kotak Multi Asset Omni FOF - Direct Growth - Direct,20-11-2023,185.56800
119777,Kotak Multi Asset Omni FOF - Direct Growth - Direct,17-11-2023,185.74900
119777,Kotak Multi Asset Omni FOF - Direct Growth - Direct,16-11-2023,185.82200
119777,Kotak Multi Asset Omni FOF - Direct Growth - Direct,15-11-2023,185.61800
119777,Kotak Multi Asset Omni FOF - Direct Growth - Direct,13-11-2023,184.06700
119777,Kotak Multi Asset Omni FOF - Direct Growth - Direct,10-11-2023,183.23600
119777,Kotak Multi Asset Omni FOF - Direct Growth - Direct,09-11-2023,183.18100
119777,Kotak Multi Asset Omni FOF - Direct Growth - Direct,08-11-2023,183.35200
119777,Kotak Multi Asset Omni FOF - Direct Growth - Direct,07-11-2023,183.05800
119777,Kotak Multi Asset Omni FOF - Direct Growth - Direct,06-11-2023,182.67300
119777,Kotak Multi Asset Omni FOF - Direct Growth - Direct,03-11-2023,182.08200
119777,Kotak Multi Asset Omni FOF - Direct Growth - Direct,02-11-2023,181.17700
119777,Kotak Multi Asset Omni FOF - Direct Growth - Direct,01-11-2023,179.76900
119777,Kotak Multi Asset Omni FOF - Direct Growth - Direct,31-10-2023,179.95200
119777,Kotak Multi Asset Omni FOF - Direct Growth - Direct,30-10-2023,179.97800
119777,Kotak Multi Asset Omni FOF - Direct Growth - Direct,27-10-2023,179.77000
119777,Kotak Multi Asset Omni FOF - Direct Growth - Direct,26-10-2023,178.24000
119777,Kotak Multi Asset Omni FOF - Direct Growth - Direct,25-10-2023,179.35600
119777,Kotak Multi Asset Omni FOF - Direct Growth - Direct,23-10-2023,179.82700
119777,Kotak Multi Asset Omni FOF - Direct Growth - Direct,20-10-2023,181.53300
119777,Kotak Multi Asset Omni FOF - Direct Growth - Direct,19-10-2023,182.57100
119777,Kotak Multi Asset Omni FOF - Direct Growth - Direct,18-10-2023,182.77200
119777,Kotak Multi Asset Omni FOF - Direct Growth - Direct,17-10-2023,183.38800
119777,Kotak Multi Asset Omni FOF - Direct Growth - Direct,16-10-2023,183.06800
119777,Kotak Multi Asset Omni FOF - Direct Growth - Direct,13-10-2023,182.53200
119777,Kotak Multi Asset Omni FOF - Direct Growth - Direct,12-10-2023,183.05300
119777,Kotak Multi Asset Omni FOF - Direct Growth - Direct,11-10-2023,182.75200
119777,Kotak Multi Asset Omni FOF - Direct Growth - Direct,10-10-2023,182.26100
119777,Kotak Multi Asset Omni FOF - Direct Growth - Direct,09-10-2023,180.89500
119777,Kotak Multi Asset Omni FOF - Direct Growth - Direct,06-10-2023,181.85700
119777,Kotak Multi Asset Omni FOF - Direct Growth - Direct,05-10-2023,181.60000
119777,Kotak Multi Asset Omni FOF - Direct Growth - Direct,04-10-2023,181.23700
119777,Kotak Multi Asset Omni FOF - Direct Growth - Direct,03-10-2023,182.38200
119777,Kotak Multi Asset Omni FOF - Direct Growth - Direct,29-09-2023,182.52000
119777,Kotak Multi Asset Omni FOF - Direct Growth - Direct,27-09-2023,182.51500
119777,Kotak Multi Asset Omni FOF - Direct Growth - Direct,26-09-2023,182.16800
119777,Kotak Multi Asset Omni FOF - Direct Growth - Direct,25-09-2023,182.45200
119777,Kotak Multi Asset Omni FOF - Direct Growth - Direct,22-09-2023,182.56000
119777,Kotak Multi Asset Omni FOF - Direct Growth - Direct,21-09-2023,182.10300
119777,Kotak Multi Asset Omni FOF - Direct Growth - Direct,20-09-2023,183.53800
119777,Kotak Multi Asset Omni FOF - Direct Growth - Direct,18-09-2023,184.44400
119777,Kotak Multi Asset Omni FOF - Direct Growth - Direct,15-09-2023,183.90800
119777,Kotak Multi Asset Omni FOF - Direct Growth - Direct,14-09-2023,183.83900
119777,Kotak Multi Asset Omni FOF - Direct Growth - Direct,13-09-2023,182.97800
119777,Kotak Multi Asset Omni FOF - Direct Growth - Direct,12-09-2023,181.92300
119777,Kotak Multi Asset Omni FOF - Direct Growth - Direct,11-09-2023,183.45600
119777,Kotak Multi Asset Omni FOF - Direct Growth - Direct,08-09-2023,182.51200
119777,Kotak Multi Asset Omni FOF - Direct Growth - Direct,07-09-2023,181.93400
119777,Kotak Multi Asset Omni FOF - Direct Growth - Direct,06-09-2023,181.59300
119777,Kotak Multi Asset Omni FOF - Direct Growth - Direct,05-09-2023,181.74900
119777,Kotak Multi Asset Omni FOF - Direct Growth - Direct,04-09-2023,181.38200
119777,Kotak Multi Asset Omni FOF - Direct Growth - Direct,01-09-2023,180.51900
119777,Kotak Multi Asset Omni FOF - Direct Growth - Direct,31-08-2023,179.90700
119777,Kotak Multi Asset Omni FOF - Direct Growth - Direct,30-08-2023,179.99300
119777,Kotak Multi Asset Omni FOF - Direct Growth - Direct,29-08-2023,179.66100
119777,Kotak Multi Asset Omni FOF - Direct Growth - Direct,28-08-2023,178.78700
119777,Kotak Multi Asset Omni FOF - Direct Growth - Direct,25-08-2023,178.20700
119777,Kotak Multi Asset Omni FOF - Direct Growth - Direct,24-08-2023,179.01800
119777,Kotak Multi Asset Omni FOF - Direct Growth - Direct,23-08-2023,179.40600
119777,Kotak Multi Asset Omni FOF - Direct Growth - Direct,22-08-2023,178.76700
119777,Kotak Multi Asset Omni FOF - Direct Growth - Direct,21-08-2023,178.24300
119777,Kotak Multi Asset Omni FOF - Direct Growth - Direct,18-08-2023,177.83500
119777,Kotak Multi Asset Omni FOF - Direct Growth - Direct,17-08-2023,178.08300
119777,Kotak Multi Asset Omni FOF - Direct Growth - Direct,16-08-2023,178.41700
119777,Kotak Multi Asset Omni FOF - Direct Growth - Direct,14-08-2023,178.50200
119777,Kotak Multi Asset Omni FOF - Direct Growth - Direct,11-08-2023,178.48900
119777,Kotak Multi Asset Omni FOF - Direct Growth - Direct,10-08-2023,178.83400
119777,Kotak Multi Asset Omni FOF - Direct Growth - Direct,09-08-2023,179.23600
119777,Kotak Multi Asset Omni FOF - Direct Growth - Direct,08-08-2023,178.80900
119777,Kotak Multi Asset Omni FOF - Direct Growth - Direct,07-08-2023,178.38900
119777,Kotak Multi Asset Omni FOF - Direct Growth - Direct,04-08-2023,178.43700
119777,Kotak Multi Asset Omni FOF - Direct Growth - Direct,03-08-2023,177.97800
119777,Kotak Multi Asset Omni FOF - Direct Growth - Direct,02-08-2023,179.00000
119777,Kotak Multi Asset Omni FOF - Direct Growth - Direct,01-08-2023,179.96700
119777,Kotak Multi Asset Omni FOF - Direct Growth - Direct,31-07-2023,179.96500
119777,Kotak Multi Asset Omni FOF - Direct Growth - Direct,28-07-2023,179.38200
119777,Kotak Multi Asset Omni FOF - Direct Growth - Direct,27-07-2023,179.23400
119777,Kotak Multi Asset Omni FOF - Direct Growth - Direct,26-07-2023,178.87800
119777,Kotak Multi Asset Omni FOF - Direct Growth - Direct,25-07-2023,178.31300
119777,Kotak Multi Asset Omni FOF - Direct Growth - Direct,24-07-2023,178.25300
119777,Kotak Multi Asset Omni FOF - Direct Growth - Direct,21-07-2023,178.53500
119777,Kotak Multi Asset Omni FOF - Direct Growth - Direct,20-07-2023,179.18300
119777,Kotak Multi Asset Omni FOF - Direct Growth - Direct,19-07-2023,179.08500
119777,Kotak Multi Asset Omni FOF - Direct Growth - Direct,18-07-2023,178.11700
119777,Kotak Multi Asset Omni FOF - Direct Growth - Direct,17-07-2023,178.11200
119777,Kotak Multi Asset Omni FOF - Direct Growth - Direct,14-07-2023,177.36100
119777,Kotak Multi Asset Omni FOF - Direct Growth - Direct,13-07-2023,176.47500
119777,Kotak Multi Asset Omni FOF - Direct Growth - Direct,12-07-2023,176.54400
119777,Kotak Multi Asset Omni FOF - Direct Growth - Direct,11-07-2023,176.05800
119777,Kotak Multi Asset Omni FOF - Direct Growth - Direct,10-07-2023,175.58000
119777,Kotak Multi Asset Omni FOF - Direct Growth - Direct,07-07-2023,175.77800
119777,Kotak Multi Asset Omni FOF - Direct Growth - Direct,06-07-2023,176.12600
119777,Kotak Multi Asset Omni FOF - Direct Growth - Direct,05-07-2023,175.62700
119777,Kotak Multi Asset Omni FOF - Direct Growth - Direct,04-07-2023,174.99000
119777,Kotak Multi Asset Omni FOF - Direct Growth - Direct,03-07-2023,174.57000
119777,Kotak Multi Asset Omni FOF - Direct Growth - Direct,30-06-2023,173.57700
119777,Kotak Multi Asset Omni FOF - Direct Growth - Direct,28-06-2023,172.22500
119777,Kotak Multi Asset Omni FOF - Direct Growth - Direct,27-06-2023,171.47500
119777,Kotak Multi Asset Omni FOF - Direct Growth - Direct,26-06-2023,170.91300
119777,Kotak Multi Asset Omni FOF - Direct Growth - Direct,23-06-2023,170.71700
119777,Kotak Multi Asset Omni FOF - Direct Growth - Direct,22-06-2023,171.57400
119777,Kotak Multi Asset Omni FOF - Direct Growth - Direct,21-06-2023,172.16700
119777,Kotak Multi Asset Omni FOF - Direct Growth - Direct,20-06-2023,172.25000
119777,Kotak Multi Asset Omni FOF - Direct Growth - Direct,19-06-2023,171.89400
119777,Kotak Multi Asset Omni FOF - Direct Growth - Direct,16-06-2023,172.16600
119777,Kotak Multi Asset Omni FOF - Direct Growth - Direct,15-06-2023,171.25000
119777,Kotak Multi Asset Omni FOF - Direct Growth - Direct,14-06-2023,171.62300
119777,Kotak Multi Asset Omni FOF - Direct Growth - Direct,13-06-2023,171.30200
119777,Kotak Multi Asset Omni FOF - Direct Growth - Direct,12-06-2023,170.50700
119777,Kotak Multi Asset Omni FOF - Direct Growth - Direct,09-06-2023,170.24800
119777,Kotak Multi Asset Omni FOF - Direct Growth - Direct,08-06-2023,170.47600
119777,Kotak Multi Asset Omni FOF - Direct Growth - Direct,07-06-2023,171.01700
119777,Kotak Multi Asset Omni FOF - Direct Growth - Direct,06-06-2023,170.35500
119777,Kotak Multi Asset Omni FOF - Direct Growth - Direct,05-06-2023,170.34200
119777,Kotak Multi Asset Omni FOF - Direct Growth - Direct,02-06-2023,169.86700
119777,Kotak Multi Asset Omni FOF - Direct Growth - Direct,01-06-2023,169.15400
119777,Kotak Multi Asset Omni FOF - Direct Growth - Direct,31-05-2023,169.11200
119777,Kotak Multi Asset Omni FOF - Direct Growth - Direct,30-05-2023,169.47800
119777,Kotak Multi Asset Omni FOF - Direct Growth - Direct,29-05-2023,168.74100
119777,Kotak Multi Asset Omni FOF - Direct Growth - Direct,26-05-2023,168.39400
119777,Kotak Multi Asset Omni FOF - Direct Growth - Direct,25-05-2023,167.02900
119777,Kotak Multi Asset Omni FOF - Direct Growth - Direct,24-05-2023,166.46100
119777,Kotak Multi Asset Omni FOF - Direct Growth - Direct,23-05-2023,167.10300
119777,Kotak Multi Asset Omni FOF - Direct Growth - Direct,22-05-2023,167.05100
119777,Kotak Multi Asset Omni FOF - Direct Growth - Direct,19-05-2023,166.65200
119777,Kotak Multi Asset Omni FOF - Direct Growth - Direct,18-05-2023,166.35800
119777,Kotak Multi Asset Omni FOF - Direct Growth - Direct,17-05-2023,166.18600
119777,Kotak Multi Asset Omni FOF - Direct Growth - Direct,16-05-2023,166.73600
119777,Kotak Multi Asset Omni FOF - Direct Growth - Direct,15-05-2023,166.61300
119777,Kotak Multi Asset Omni FOF - Direct Growth - Direct,12-05-2023,166.12000
119777,Kotak Multi Asset Omni FOF - Direct Growth - Direct,11-05-2023,165.97000
119777,Kotak Multi Asset Omni FOF - Direct Growth - Direct,10-05-2023,165.77700
119777,Kotak Multi Asset Omni FOF - Direct Growth - Direct,09-05-2023,165.79100
119777,Kotak Multi Asset Omni FOF - Direct Growth - Direct,08-05-2023,165.82600
119777,Kotak Multi Asset Omni FOF - Direct Growth - Direct,05-05-2023,165.22700
119777,Kotak Multi Asset Omni FOF - Direct Growth - Direct,04-05-2023,165.69200
119777,Kotak Multi Asset Omni FOF - Direct Growth - Direct,03-05-2023,165.04800
119777,Kotak Multi Asset Omni FOF - Direct Growth - Direct,02-05-2023,164.68300
119777,Kotak Multi Asset Omni FOF - Direct Growth - Direct,28-04-2023,164.22000
119777,Kotak Multi Asset Omni FOF - Direct Growth - Direct,27-04-2023,163.11200
119777,Kotak Multi Asset Omni FOF - Direct Growth - Direct,26-04-2023,162.55100
119777,Kotak Multi Asset Omni FOF - Direct Growth - Direct,25-04-2023,161.98100
119777,Kotak Multi Asset Omni FOF - Direct Growth - Direct,24-04-2023,161.69600
119777,Kotak Multi Asset Omni FOF - Direct Growth - Direct,21-04-2023,161.01700
119777,Kotak Multi Asset Omni FOF - Direct Growth - Direct,20-04-2023,161.28200
119777,Kotak Multi Asset Omni FOF - Direct Growth - Direct,19-04-2023,161.19100
119777,Kotak Multi Asset Omni FOF - Direct Growth - Direct,18-04-2023,161.72100
119777,Kotak Multi Asset Omni FOF - Direct Growth - Direct,17-04-2023,161.73900
119777,Kotak Multi Asset Omni FOF - Direct Growth - Direct,13-04-2023,161.53000
119777,Kotak Multi Asset Omni FOF - Direct Growth - Direct,12-04-2023,161.08400
119777,Kotak Multi Asset Omni FOF - Direct Growth - Direct,11-04-2023,160.94600
119777,Kotak Multi Asset Omni FOF - Direct Growth - Direct,10-04-2023,160.19400
119777,Kotak Multi Asset Omni FOF - Direct Growth - Direct,06-04-2023,160.26600
119777,Kotak Multi Asset Omni FOF - Direct Growth - Direct,05-04-2023,160.01000
119777,Kotak Multi Asset Omni FOF - Direct Growth - Direct,03-04-2023,159.44900
119777,Kotak Multi Asset Omni FOF - Direct Growth - Direct,31-03-2023,159.12000
119777,Kotak Multi Asset Omni FOF - Direct Growth - Direct,29-03-2023,157.26000
119777,Kotak Multi Asset Omni FOF - Direct Growth - Direct,28-03-2023,156.02600
119777,Kotak Multi Asset Omni FOF - Direct Growth - Direct,27-03-2023,156.37900
119777,Kotak Multi Asset Omni FOF - Direct Growth - Direct,24-03-2023,156.50100
119777,Kotak Multi Asset Omni FOF - Direct Growth - Direct,23-03-2023,157.46800
119777,Kotak Multi Asset Omni FOF - Direct Growth - Direct,22-03-2023,157.62300
119777,Kotak Multi Asset Omni FOF - Direct Growth - Direct,21-03-2023,157.38000
119777,Kotak Multi Asset Omni FOF - Direct Growth - Direct,20-03-2023,156.44700
119777,Kotak Multi Asset Omni FOF - Direct Growth - Direct,17-03-2023,157.67900
119777,Kotak Multi Asset Omni FOF - Direct Growth - Direct,16-03-2023,156.36800
119777,Kotak Multi Asset Omni FOF - Direct Growth - Direct,15-03-2023,155.53300
119777,Kotak Multi Asset Omni FOF - Direct Growth - Direct,14-03-2023,156.28600
119777,Kotak Multi Asset Omni FOF - Direct Growth - Direct,13-03-2023,156.22000
119777,Kotak Multi Asset Omni FOF - Direct Growth - Direct,10-03-2023,157.43500
119777,Kotak Multi Asset Omni FOF - Direct Growth - Direct,09-03-2023,158.26000
119777,Kotak Multi Asset Omni FOF - Direct Growth - Direct,08-03-2023,159.17800
119777,Kotak Multi Asset Omni FOF - Direct Growth - Direct,06-03-2023,158.87000
119777,Kotak Multi Asset Omni FOF - Direct Growth - Direct,03-03-2023,158.36200
119777,Kotak Multi Asset Omni FOF - Direct Growth - Direct,02-03-2023,156.52000
119777,Kotak Multi Asset Omni FOF - Direct Growth - Direct,01-03-2023,157.05800
119777,Kotak Multi Asset Omni FOF - Direct Growth - Direct,28-02-2023,155.88800
119777,Kotak Multi Asset Omni FOF - Direct Growth - Direct,27-02-2023,155.85400
119777,Kotak Multi Asset Omni FOF - Direct Growth - Direct,24-02-2023,156.27800
119777,Kotak Multi Asset Omni FOF - Direct Growth - Direct,23-02-2023,156.71900
119777,Kotak Multi Asset Omni FOF - Direct Growth - Direct,22-02-2023,156.97500
119777,Kotak Multi Asset Omni FOF - Direct Growth - Direct,21-02-2023,158.17400
119777,Kotak Multi Asset Omni FOF - Direct Growth - Direct,20-02-2023,158.67400
119777,Kotak Multi Asset Omni FOF - Direct Growth - Direct,17-02-2023,159.16000
119777,Kotak Multi Asset Omni FOF - Direct Growth - Direct,16-02-2023,160.00800
119777,Kotak Multi Asset Omni FOF - Direct Growth - Direct,15-02-2023,159.88800
119777,Kotak Multi Asset Omni FOF - Direct Growth - Direct,14-02-2023,159.63500
119777,Kotak Multi Asset Omni FOF - Direct Growth - Direct,13-02-2023,159.24700
119777,Kotak Multi Asset Omni FOF - Direct Growth - Direct,10-02-2023,159.85500
119777,Kotak Multi Asset Omni FOF - Direct Growth - Direct,09-02-2023,160.03200
119777,Kotak Multi Asset Omni FOF - Direct Growth - Direct,08-02-2023,160.05300
119777,Kotak Multi Asset Omni FOF - Direct Growth - Direct,07-02-2023,159.79500
119777,Kotak Multi Asset Omni FOF - Direct Growth - Direct,06-02-2023,159.85100
119777,Kotak Multi Asset Omni FOF - Direct Growth - Direct,03-02-2023,160.01900
119777,Kotak Multi Asset Omni FOF - Direct Growth - Direct,02-02-2023,159.31300
119777,Kotak Multi Asset Omni FOF - Direct Growth - Direct,01-02-2023,157.70900
119777,Kotak Multi Asset Omni FOF - Direct Growth - Direct,31-01-2023,158.64300
119777,Kotak Multi Asset Omni FOF - Direct Growth - Direct,30-01-2023,157.21400
119777,Kotak Multi Asset Omni FOF - Direct Growth - Direct,27-01-2023,157.77400
119777,Kotak Multi Asset Omni FOF - Direct Growth - Direct,25-01-2023,158.84700
119777,Kotak Multi Asset Omni FOF - Direct Growth - Direct,24-01-2023,160.33200
119777,Kotak Multi Asset Omni FOF - Direct Growth - Direct,23-01-2023,160.69600
119777,Kotak Multi Asset Omni FOF - Direct Growth - Direct,20-01-2023,159.91300
119777,Kotak Multi Asset Omni FOF - Direct Growth - Direct,19-01-2023,159.90800
119777,Kotak Multi Asset Omni FOF - Direct Growth - Direct,18-01-2023,160.16000
119777,Kotak Multi Asset Omni FOF - Direct Growth - Direct,17-01-2023,160.40100
119777,Kotak Multi Asset Omni FOF - Direct Growth - Direct,16-01-2023,160.38900
119777,Kotak Multi Asset Omni FOF - Direct Growth - Direct,13-01-2023,160.07900
119777,Kotak Multi Asset Omni FOF - Direct Growth - Direct,12-01-2023,159.50200
119777,Kotak Multi Asset Omni FOF - Direct Growth - Direct,11-01-2023,159.50400
119777,Kotak Multi Asset Omni FOF - Direct Growth - Direct,10-01-2023,159.17800
119777,Kotak Multi Asset Omni FOF - Direct Growth - Direct,09-01-2023,160.37000
119777,Kotak Multi Asset Omni FOF - Direct Growth - Direct,06-01-2023,159.15000
119777,Kotak Multi Asset Omni FOF - Direct Growth - Direct,05-01-2023,159.55700
119777,Kotak Multi Asset Omni FOF - Direct Growth - Direct,04-01-2023,159.82200
119777,Kotak Multi Asset Omni FOF - Direct Growth - Direct,03-01-2023,160.35400
119777,Kotak Multi Asset Omni FOF - Direct Growth - Direct,02-01-2023,159.95600
119777,Kotak Multi Asset Omni FOF - Direct Growth - Direct,30-12-2022,159.42700
119777,Kotak Multi Asset Omni FOF - Direct Growth - Direct,29-12-2022,159.24900
119777,Kotak Multi Asset Omni FOF - Direct Growth - Direct,28-12-2022,158.83400
119777,Kotak Multi Asset Omni FOF - Direct Growth - Direct,27-12-2022,158.96300
119777,Kotak Multi Asset Omni FOF - Direct Growth - Direct,26-12-2022,158.26100
119777,Kotak Multi Asset Omni FOF - Direct Growth - Direct,23-12-2022,156.17900
119777,Kotak Multi Asset Omni FOF - Direct Growth - Direct,22-12-2022,158.35300
119777,Kotak Multi Asset Omni FOF - Direct Growth - Direct,21-12-2022,159.23400
119777,Kotak Multi Asset Omni FOF - Direct Growth - Direct,20-12-2022,160.26600
119777,Kotak Multi Asset Omni FOF - Direct Growth - Direct,19-12-2022,160.37100
119777,Kotak Multi Asset Omni FOF - Direct Growth - Direct,16-12-2022,160.08000
119777,Kotak Multi Asset Omni FOF - Direct Growth - Direct,15-12-2022,161.50800
119777,Kotak Multi Asset Omni FOF - Direct Growth - Direct,14-12-2022,162.96900
119777,Kotak Multi Asset Omni FOF - Direct Growth - Direct,13-12-2022,162.67700
119777,Kotak Multi Asset Omni FOF - Direct Growth - Direct,12-12-2022,161.21800
119777,Kotak Multi Asset Omni FOF - Direct Growth - Direct,09-12-2022,160.63700
119777,Kotak Multi Asset Omni FOF - Direct Growth - Direct,08-12-2022,161.15400
119777,Kotak Multi Asset Omni FOF - Direct Growth - Direct,07-12-2022,159.79300
119777,Kotak Multi Asset Omni FOF - Direct Growth - Direct,06-12-2022,160.63500
119777,Kotak Multi Asset Omni FOF - Direct Growth - Direct,05-12-2022,160.04700
119777,Kotak Multi Asset Omni FOF - Direct Growth - Direct,02-12-2022,159.90700
119777,Kotak Multi Asset Omni FOF - Direct Growth - Direct,01-12-2022,159.83200
119777,Kotak Multi Asset Omni FOF - Direct Growth - Direct,30-11-2022,158.63400
119777,Kotak Multi Asset Omni FOF - Direct Growth - Direct,29-11-2022,158.28200
119777,Kotak Multi Asset Omni FOF - Direct Growth - Direct,28-11-2022,158.46600
119777,Kotak Multi Asset Omni FOF - Direct Growth - Direct,25-11-2022,158.20200
119777,Kotak Multi Asset Omni FOF - Direct Growth - Direct,24-11-2022,158.11100
119777,Kotak Multi Asset Omni FOF - Direct Growth - Direct,23-11-2022,157.35100
119777,Kotak Multi Asset Omni FOF - Direct Growth - Direct,22-11-2022,156.64100
119777,Kotak Multi Asset Omni FOF - Direct Growth - Direct,21-11-2022,156.17100
119777,Kotak Multi Asset Omni FOF - Direct Growth - Direct,18-11-2022,156.35200
119777,Kotak Multi Asset Omni FOF - Direct Growth - Direct,17-11-2022,156.25100
119777,Kotak Multi Asset Omni FOF - Direct Growth - Direct,16-11-2022,156.35200
119777,Kotak Multi Asset Omni FOF - Direct Growth - Direct,15-11-2022,156.60700
119777,Kotak Multi Asset Omni FOF - Direct Growth - Direct,14-11-2022,155.80600
119777,Kotak Multi Asset Omni FOF - Direct Growth - Direct,11-11-2022,155.93600
119777,Kotak Multi Asset Omni FOF - Direct Growth - Direct,10-11-2022,154.91000
119777,Kotak Multi Asset Omni FOF - Direct Growth - Direct,09-11-2022,155.31500
119777,Kotak Multi Asset Omni FOF - Direct Growth - Direct,07-11-2022,154.68800
119777,Kotak Multi Asset Omni FOF - Direct Growth - Direct,04-11-2022,152.69200
119777,Kotak Multi Asset Omni FOF - Direct Growth - Direct,03-11-2022,152.47900
119777,Kotak Multi Asset Omni FOF - Direct Growth - Direct,02-11-2022,152.33000
119777,Kotak Multi Asset Omni FOF - Direct Growth - Direct,01-11-2022,152.75900
119777,Kotak Multi Asset Omni FOF - Direct Growth - Direct,31-10-2022,152.62200
119777,Kotak Multi Asset Omni FOF - Direct Growth - Direct,28-10-2022,151.62600
119777,Kotak Multi Asset Omni FOF - Direct Growth - Direct,27-10-2022,151.84300
119777,Kotak Multi Asset Omni FOF - Direct Growth - Direct,25-10-2022,151.63900
119777,Kotak Multi Asset Omni FOF - Direct Growth - Direct,21-10-2022,149.41900
119777,Kotak Multi Asset Omni FOF - Direct Growth - Direct,20-10-2022,149.03500
119777,Kotak Multi Asset Omni FOF - Direct Growth - Direct,19-10-2022,148.64000
119777,Kotak Multi Asset Omni FOF - Direct Growth - Direct,18-10-2022,148.52800
119777,Kotak Multi Asset Omni FOF - Direct Growth - Direct,17-10-2022,147.18900
119777,Kotak Multi Asset Omni FOF - Direct Growth - Direct,14-10-2022,145.79600
119777,Kotak Multi Asset Omni FOF - Direct Growth - Direct,13-10-2022,145.43500
119777,Kotak Multi Asset Omni FOF - Direct Growth - Direct,12-10-2022,146.04400
119777,Kotak Multi Asset Omni FOF - Direct Growth - Direct,11-10-2022,145.37400
119777,Kotak Multi Asset Omni FOF - Direct Growth - Direct,10-10-2022,146.82600
119777,Kotak Multi Asset Omni FOF - Direct Growth - Direct,07-10-2022,147.41400
119777,Kotak Multi Asset Omni FOF - Direct Growth - Direct,06-10-2022,147.86700
119777,Kotak Multi Asset Omni FOF - Direct Growth - Direct,04-10-2022,147.41300
119777,Kotak Multi Asset Omni FOF - Direct Growth - Direct,03-10-2022,144.86900
119777,Kotak Multi Asset Omni FOF - Direct Growth - Direct,30-09-2022,146.26600
119777,Kotak Multi Asset Omni FOF - Direct Growth - Direct,29-09-2022,144.40200
119777,Kotak Multi Asset Omni FOF - Direct Growth - Direct,28-09-2022,144.03100
119777,Kotak Multi Asset Omni FOF - Direct Growth - Direct,27-09-2022,144.88200
119777,Kotak Multi Asset Omni FOF - Direct Growth - Direct,26-09-2022,145.02900
119777,Kotak Multi Asset Omni FOF - Direct Growth - Direct,23-09-2022,147.40900
119777,Kotak Multi Asset Omni FOF - Direct Growth - Direct,22-09-2022,150.00700
119777,Kotak Multi Asset Omni FOF - Direct Growth - Direct,21-09-2022,150.56500
119777,Kotak Multi Asset Omni FOF - Direct Growth - Direct,20-09-2022,151.11300
119777,Kotak Multi Asset Omni FOF - Direct Growth - Direct,19-09-2022,150.10900
119777,Kotak Multi Asset Omni FOF - Direct Growth - Direct,16-09-2022,149.61300
119777,Kotak Multi Asset Omni FOF - Direct Growth - Direct,15-09-2022,151.83900
119777,Kotak Multi Asset Omni FOF - Direct Growth - Direct,14-09-2022,152.31500
119777,Kotak Multi Asset Omni FOF - Direct Growth - Direct,13-09-2022,152.28400
119777,Kotak Multi Asset Omni FOF - Direct Growth - Direct,12-09-2022,152.23300
119777,Kotak Multi Asset Omni FOF - Direct Growth - Direct,09-09-2022,151.48900
119777,Kotak Multi Asset Omni FOF - Direct Growth - Direct,08-09-2022,150.94700
119777,Kotak Multi Asset Omni FOF - Direct Growth - Direct,07-09-2022,149.50400
119777,Kotak Multi Asset Omni FOF - Direct Growth - Direct,06-09-2022,149.32000
119777,Kotak Multi Asset Omni FOF - Direct Growth - Direct,05-09-2022,149.32600
119777,Kotak Multi Asset Omni FOF - Direct Growth - Direct,02-09-2022,148.78800
119777,Kotak Multi Asset Omni FOF - Direct Growth - Direct,01-09-2022,148.66800
119777,Kotak Multi Asset Omni FOF - Direct Growth - Direct,30-08-2022,149.00500
119777,Kotak Multi Asset Omni FOF - Direct Growth - Direct,29-08-2022,147.50200
119777,Kotak Multi Asset Omni FOF - Direct Growth - Direct,26-08-2022,148.34200
119777,Kotak Multi Asset Omni FOF - Direct Growth - Direct,25-08-2022,148.35000
119777,Kotak Multi Asset Omni FOF - Direct Growth - Direct,24-08-2022,148.22400
119777,Kotak Multi Asset Omni FOF - Direct Growth - Direct,23-08-2022,147.82400
119777,Kotak Multi Asset Omni FOF - Direct Growth - Direct,22-08-2022,147.18600
119777,Kotak Multi Asset Omni FOF - Direct Growth - Direct,19-08-2022,148.73700
119777,Kotak Multi Asset Omni FOF - Direct Growth - Direct,18-08-2022,149.97900
119777,Kotak Multi Asset Omni FOF - Direct Growth - Direct,17-08-2022,149.76300
119777,Kotak Multi Asset Omni FOF - Direct Growth - Direct,16-08-2022,149.31100
119777,Kotak Multi Asset Omni FOF - Direct Growth - Direct,12-08-2022,148.35500
119777,Kotak Multi Asset Omni FOF - Direct Growth - Direct,11-08-2022,148.04100
119777,Kotak Multi Asset Omni FOF - Direct Growth - Direct,10-08-2022,147.01800
119777,Kotak Multi Asset Omni FOF - Direct Growth - Direct,08-08-2022,146.70000
119777,Kotak Multi Asset Omni FOF - Direct Growth - Direct,05-08-2022,146.13200
119777,Kotak Multi Asset Omni FOF - Direct Growth - Direct,04-08-2022,146.09200
119777,Kotak Multi Asset Omni FOF - Direct Growth - Direct,03-08-2022,145.55600
119777,Kotak Multi Asset Omni FOF - Direct Growth - Direct,02-08-2022,145.67200
119777,Kotak Multi Asset Omni FOF - Direct Growth - Direct,01-08-2022,145.62200
119777,Kotak Multi Asset Omni FOF - Direct Growth - Direct,29-07-2022,144.23800
119777,Kotak Multi Asset Omni FOF - Direct Growth - Direct,28-07-2022,143.05500
119777,Kotak Multi Asset Omni FOF - Direct Growth - Direct,27-07-2022,141.66100
119777,Kotak Multi Asset Omni FOF - Direct Growth - Direct,26-07-2022,140.72800
119777,Kotak Multi Asset Omni FOF - Direct Growth - Direct,25-07-2022,141.85900
119777,Kotak Multi Asset Omni FOF - Direct Growth - Direct,22-07-2022,142.21100
119777,Kotak Multi Asset Omni FOF - Direct Growth - Direct,21-07-2022,141.52200
119777,Kotak Multi Asset Omni FOF - Direct Growth - Direct,20-07-2022,140.64600
119777,Kotak Multi Asset Omni FOF - Direct Growth - Direct,19-07-2022,139.91100
119777,Kotak Multi Asset Omni FOF - Direct Growth - Direct,18-07-2022,139.52300
119777,Kotak Multi Asset Omni FOF - Direct Growth - Direct,15-07-2022,138.02500
119777,Kotak Multi Asset Omni FOF - Direct Growth - Direct,14-07-2022,137.26600
119777,Kotak Multi Asset Omni FOF - Direct Growth - Direct,13-07-2022,137.49500
119777,Kotak Multi Asset Omni FOF - Direct Growth - Direct,12-07-2022,137.80900
119777,Kotak Multi Asset Omni FOF - Direct Growth - Direct,11-07-2022,138.44900
119777,Kotak Multi Asset Omni FOF - Direct Growth - Direct,08-07-2022,138.33900
119777,Kotak Multi Asset Omni FOF - Direct Growth - Direct,07-07-2022,138.00800
119777,Kotak Multi Asset Omni FOF - Direct Growth - Direct,06-07-2022,137.17300
119777,Kotak Multi Asset Omni FOF - Direct Growth - Direct,05-07-2022,135.87800
119777,Kotak Multi Asset Omni FOF - Direct Growth - Direct,04-07-2022,135.90300
119777,Kotak Multi Asset Omni FOF - Direct Growth - Direct,01-07-2022,135.12400
119777,Kotak Multi Asset Omni FOF - Direct Growth - Direct,30-06-2022,134.84100
119777,Kotak Multi Asset Omni FOF - Direct Growth - Direct,29-06-2022,134.90700
119777,Kotak Multi Asset Omni FOF - Direct Growth - Direct,28-06-2022,135.27600
119777,Kotak Multi Asset Omni FOF - Direct Growth - Direct,27-06-2022,135.41000
119777,Kotak Multi Asset Omni FOF - Direct Growth - Direct,24-06-2022,134.31300
119777,Kotak Multi Asset Omni FOF - Direct Growth - Direct,23-06-2022,133.27800
119777,Kotak Multi Asset Omni FOF - Direct Growth - Direct,22-06-2022,132.39400
119777,Kotak Multi Asset Omni FOF - Direct Growth - Direct,21-06-2022,133.28800
119777,Kotak Multi Asset Omni FOF - Direct Growth - Direct,20-06-2022,131.54900
119777,Kotak Multi Asset Omni FOF - Direct Growth - Direct,17-06-2022,131.90800
119777,Kotak Multi Asset Omni FOF - Direct Growth - Direct,16-06-2022,132.43200
119777,Kotak Multi Asset Omni FOF - Direct Growth - Direct,15-06-2022,134.53400
119777,Kotak Multi Asset Omni FOF - Direct Growth - Direct,14-06-2022,134.13800
119777,Kotak Multi Asset Omni FOF - Direct Growth - Direct,13-06-2022,134.69200
119777,Kotak Multi Asset Omni FOF - Direct Growth - Direct,10-06-2022,136.73000
119777,Kotak Multi Asset Omni FOF - Direct Growth - Direct,09-06-2022,138.12800
119777,Kotak Multi Asset Omni FOF - Direct Growth - Direct,08-06-2022,137.68800
119777,Kotak Multi Asset Omni FOF - Direct Growth - Direct,07-06-2022,138.00900
119777,Kotak Multi Asset Omni FOF - Direct Growth - Direct,06-06-2022,138.95100
119777,Kotak Multi Asset Omni FOF - Direct Growth - Direct,03-06-2022,139.29600
119777,Kotak Multi Asset Omni FOF - Direct Growth - Direct,02-06-2022,139.80300
119777,Kotak Multi Asset Omni FOF - Direct Growth - Direct,01-06-2022,139.49700
119777,Kotak Multi Asset Omni FOF - Direct Growth - Direct,31-05-2022,139.67500
119777,Kotak Multi Asset Omni FOF - Direct Growth - Direct,30-05-2022,139.62800
119777,Kotak Multi Asset Omni FOF - Direct Growth - Direct,27-05-2022,137.62000
119777,Kotak Multi Asset Omni FOF - Direct Growth - Direct,26-05-2022,136.44300
119777,Kotak Multi Asset Omni FOF - Direct Growth - Direct,25-05-2022,135.36200
119777,Kotak Multi Asset Omni FOF - Direct Growth - Direct,24-05-2022,136.18800
119777,Kotak Multi Asset Omni FOF - Direct Growth - Direct,23-05-2022,136.86800
119777,Kotak Multi Asset Omni FOF - Direct Growth - Direct,20-05-2022,136.98800
119777,Kotak Multi Asset Omni FOF - Direct Growth - Direct,19-05-2022,135.22900
119777,Kotak Multi Asset Omni FOF - Direct Growth - Direct,18-05-2022,137.12900
119777,Kotak Multi Asset Omni FOF - Direct Growth - Direct,17-05-2022,137.19500
119777,Kotak Multi Asset Omni FOF - Direct Growth - Direct,16-05-2022,135.22800
119777,Kotak Multi Asset Omni FOF - Direct Growth - Direct,13-05-2022,134.90100
119777,Kotak Multi Asset Omni FOF - Direct Growth - Direct,12-05-2022,134.63300
119777,Kotak Multi Asset Omni FOF - Direct Growth - Direct,11-05-2022,136.13700
119777,Kotak Multi Asset Omni FOF - Direct Growth - Direct,10-05-2022,136.68400
119777,Kotak Multi Asset Omni FOF - Direct Growth - Direct,09-05-2022,137.50700
119777,Kotak Multi Asset Omni FOF - Direct Growth - Direct,06-05-2022,138.47000
119777,Kotak Multi Asset Omni FOF - Direct Growth - Direct,05-05-2022,139.64000
119777,Kotak Multi Asset Omni FOF - Direct Growth - Direct,04-05-2022,139.72000
119777,Kotak Multi Asset Omni FOF - Direct Growth - Direct,02-05-2022,141.67700
119777,Kotak Multi Asset Omni FOF - Direct Growth - Direct,29-04-2022,141.87700
119777,Kotak Multi Asset Omni FOF - Direct Growth - Direct,28-04-2022,142.19100
119777,Kotak Multi Asset Omni FOF - Direct Growth - Direct,27-04-2022,141.44800
119777,Kotak Multi Asset Omni FOF - Direct Growth - Direct,26-04-2022,141.94000
119777,Kotak Multi Asset Omni FOF - Direct Growth - Direct,25-04-2022,141.23600
119777,Kotak Multi Asset Omni FOF - Direct Growth - Direct,22-04-2022,142.42100
119777,Kotak Multi Asset Omni FOF - Direct Growth - Direct,21-04-2022,143.45500
119777,Kotak Multi Asset Omni FOF - Direct Growth - Direct,20-04-2022,142.71500
119777,Kotak Multi Asset Omni FOF - Direct Growth - Direct,19-04-2022,142.67300
119777,Kotak Multi Asset Omni FOF - Direct Growth - Direct,18-04-2022,143.29900
119777,Kotak Multi Asset Omni FOF - Direct Growth - Direct,13-04-2022,144.00600
119777,Kotak Multi Asset Omni FOF - Direct Growth - Direct,12-04-2022,143.78800
119777,Kotak Multi Asset Omni FOF - Direct Growth - Direct,11-04-2022,144.46000
119777,Kotak Multi Asset Omni FOF - Direct Growth - Direct,08-04-2022,144.45200
119777,Kotak Multi Asset Omni FOF - Direct Growth - Direct,07-04-2022,143.95600
119777,Kotak Multi Asset Omni FOF - Direct Growth - Direct,06-04-2022,144.44100
119777,Kotak Multi Asset Omni FOF - Direct Growth - Direct,05-04-2022,144.74500
119777,Kotak Multi Asset Omni FOF - Direct Growth - Direct,04-04-2022,144.32500
119777,Kotak Multi Asset Omni FOF - Direct Growth - Direct,01-04-2022,143.25300
119777,Kotak Multi Asset Omni FOF - Direct Growth - Direct,31-03-2022,142.71700
119777,Kotak Multi Asset Omni FOF - Direct Growth - Direct,30-03-2022,142.49800
119777,Kotak Multi Asset Omni FOF - Direct Growth - Direct,29-03-2022,141.75800
119777,Kotak Multi Asset Omni FOF - Direct Growth - Direct,28-03-2022,141.00800
119777,Kotak Multi Asset Omni FOF - Direct Growth - Direct,25-03-2022,140.79700
119777,Kotak Multi Asset Omni FOF - Direct Growth - Direct,24-03-2022,140.96600
119777,Kotak Multi Asset Omni FOF - Direct Growth - Direct,23-03-2022,140.93200
119777,Kotak Multi Asset Omni FOF - Direct Growth - Direct,22-03-2022,141.05800
119777,Kotak Multi Asset Omni FOF - Direct Growth - Direct,21-03-2022,140.54100
119777,Kotak Multi Asset Omni FOF - Direct Growth - Direct,17-03-2022,140.62700
119777,Kotak Multi Asset Omni FOF - Direct Growth - Direct,16-03-2022,139.44300
119777,Kotak Multi Asset Omni FOF - Direct Growth - Direct,15-03-2022,138.03400
119777,Kotak Multi Asset Omni FOF - Direct Growth - Direct,14-03-2022,138.30000
119777,Kotak Multi Asset Omni FOF - Direct Growth - Direct,11-03-2022,138.13300
119777,Kotak Multi Asset Omni FOF - Direct Growth - Direct,10-03-2022,137.74300
119777,Kotak Multi Asset Omni FOF - Direct Growth - Direct,09-03-2022,136.99800
119777,Kotak Multi Asset Omni FOF - Direct Growth - Direct,08-03-2022,135.91400
119777,Kotak Multi Asset Omni FOF - Direct Growth - Direct,07-03-2022,135.12300
119777,Kotak Multi Asset Omni FOF - Direct Growth - Direct,04-03-2022,136.38500
119777,Kotak Multi Asset Omni FOF - Direct Growth - Direct,03-03-2022,137.56300
119777,Kotak Multi Asset Omni FOF - Direct Growth - Direct,02-03-2022,138.14900
119777,Kotak Multi Asset Omni FOF - Direct Growth - Direct,28-02-2022,138.54700
119777,Kotak Multi Asset Omni FOF - Direct Growth - Direct,25-02-2022,137.91200
119777,Kotak Multi Asset Omni FOF - Direct Growth - Direct,24-02-2022,136.31700
119777,Kotak Multi Asset Omni FOF - Direct Growth - Direct,23-02-2022,139.26100
119777,Kotak Multi Asset Omni FOF - Direct Growth - Direct,22-02-2022,139.13900
119777,Kotak Multi Asset Omni FOF - Direct Growth - Direct,21-02-2022,139.64400
119777,Kotak Multi Asset Omni FOF - Direct Growth - Direct,18-02-2022,140.23400
119777,Kotak Multi Asset Omni FOF - Direct Growth - Direct,17-02-2022,140.51000
119777,Kotak Multi Asset Omni FOF - Direct Growth - Direct,16-02-2022,140.45100
119777,Kotak Multi Asset Omni FOF - Direct Growth - Direct,15-02-2022,140.63000
119777,Kotak Multi Asset Omni FOF - Direct Growth - Direct,14-02-2022,139.01500
119777,Kotak Multi Asset Omni FOF - Direct Growth - Direct,11-02-2022,141.05900
119777,Kotak Multi Asset Omni FOF - Direct Growth - Direct,10-02-2022,142.23200
119777,Kotak Multi Asset Omni FOF - Direct Growth - Direct,09-02-2022,141.85500
119777,Kotak Multi Asset Omni FOF - Direct Growth - Direct,08-02-2022,141.01300
119777,Kotak Multi Asset Omni FOF - Direct Growth - Direct,07-02-2022,141.20300
119777,Kotak Multi Asset Omni FOF - Direct Growth - Direct,04-02-2022,141.87500
119777,Kotak Multi Asset Omni FOF - Direct Growth - Direct,03-02-2022,142.15800
119777,Kotak Multi Asset Omni FOF - Direct Growth - Direct,02-02-2022,142.81700
119777,Kotak Multi Asset Omni FOF - Direct Growth - Direct,01-02-2022,142.17900
119777,Kotak Multi Asset Omni FOF - Direct Growth - Direct,31-01-2022,141.34600
119777,Kotak Multi Asset Omni FOF - Direct Growth - Direct,28-01-2022,140.33500
119777,Kotak Multi Asset Omni FOF - Direct Growth - Direct,27-01-2022,139.87400
119777,Kotak Multi Asset Omni FOF - Direct Growth - Direct,25-01-2022,140.81900
119777,Kotak Multi Asset Omni FOF - Direct Growth - Direct,24-01-2022,140.35200
119777,Kotak Multi Asset Omni FOF - Direct Growth - Direct,21-01-2022,142.87300
119777,Kotak Multi Asset Omni FOF - Direct Growth - Direct,20-01-2022,143.99500
119777,Kotak Multi Asset Omni FOF - Direct Growth - Direct,19-01-2022,144.27500
119777,Kotak Multi Asset Omni FOF - Direct Growth - Direct,18-01-2022,144.65300
119777,Kotak Multi Asset Omni FOF - Direct Growth - Direct,17-01-2022,145.69300
119777,Kotak Multi Asset Omni FOF - Direct Growth - Direct,14-01-2022,145.35800
119777,Kotak Multi Asset Omni FOF - Direct Growth - Direct,13-01-2022,145.19100
119777,Kotak Multi Asset Omni FOF - Direct Growth - Direct,12-01-2022,145.06600
119777,Kotak Multi Asset Omni FOF - Direct Growth - Direct,11-01-2022,144.25400
119777,Kotak Multi Asset Omni FOF - Direct Growth - Direct,10-01-2022,144.05600
119777,Kotak Multi Asset Omni FOF - Direct Growth - Direct,07-01-2022,143.54000
119777,Kotak Multi Asset Omni FOF - Direct Growth - Direct,06-01-2022,143.20400
119777,Kotak Multi Asset Omni FOF - Direct Growth - Direct,05-01-2022,143.53600
119777,Kotak Multi Asset Omni FOF - Direct Growth - Direct,04-01-2022,143.24500
119777,Kotak Multi Asset Omni FOF - Direct Growth - Direct,03-01-2022,142.97400
119777,Kotak Multi Asset Omni FOF - Direct Growth - Direct,31-12-2021,142.04200
119777,Kotak Multi Asset Omni FOF - Direct Growth - Direct,30-12-2021,141.14100
119777,Kotak Multi Asset Omni FOF - Direct Growth - Direct,29-12-2021,141.13700
119777,Kotak Multi Asset Omni FOF - Direct Growth - Direct,28-12-2021,140.96900
119777,Kotak Multi Asset Omni FOF - Direct Growth - Direct,27-12-2021,140.37400
119777,Kotak Multi Asset Omni FOF - Direct Growth - Direct,24-12-2021,140.27400
119777,Kotak Multi Asset Omni FOF - Direct Growth - Direct,23-12-2021,141.00100
119777,Kotak Multi Asset Omni FOF - Direct Growth - Direct,22-12-2021,140.36500
119777,Kotak Multi Asset Omni FOF - Direct Growth - Direct,21-12-2021,139.49400
119777,Kotak Multi Asset Omni FOF - Direct Growth - Direct,20-12-2021,138.81700
119777,Kotak Multi Asset Omni FOF - Direct Growth - Direct,17-12-2021,140.87700
119777,Kotak Multi Asset Omni FOF - Direct Growth - Direct,16-12-2021,141.93200
119777,Kotak Multi Asset Omni FOF - Direct Growth - Direct,15-12-2021,141.94200
119777,Kotak Multi Asset Omni FOF - Direct Growth - Direct,14-12-2021,142.31100
119777,Kotak Multi Asset Omni FOF - Direct Growth - Direct,13-12-2021,142.41400
119777,Kotak Multi Asset Omni FOF - Direct Growth - Direct,10-12-2021,142.50900
119777,Kotak Multi Asset Omni FOF - Direct Growth - Direct,09-12-2021,142.33300
119777,Kotak Multi Asset Omni FOF - Direct Growth - Direct,08-12-2021,142.02800
119777,Kotak Multi Asset Omni FOF - Direct Growth - Direct,07-12-2021,141.18100
119777,Kotak Multi Asset Omni FOF - Direct Growth - Direct,06-12-2021,140.36300
119777,Kotak Multi Asset Omni FOF - Direct Growth - Direct,03-12-2021,141.33900
119777,Kotak Multi Asset Omni FOF - Direct Growth - Direct,02-12-2021,141.63000
119777,Kotak Multi Asset Omni FOF - Direct Growth - Direct,01-12-2021,140.89800
119777,Kotak Multi Asset Omni FOF - Direct Growth - Direct,30-11-2021,140.62000
119777,Kotak Multi Asset Omni FOF - Direct Growth - Direct,29-11-2021,139.75700
119777,Kotak Multi Asset Omni FOF - Direct Growth - Direct,26-11-2021,140.21600
119777,Kotak Multi Asset Omni FOF - Direct Growth - Direct,25-11-2021,142.09300
119777,Kotak Multi Asset Omni FOF - Direct Growth - Direct,24-11-2021,141.89500
119777,Kotak Multi Asset Omni FOF - Direct Growth - Direct,23-11-2021,141.91300
119777,Kotak Multi Asset Omni FOF - Direct Growth - Direct,22-11-2021,141.38900
119777,Kotak Multi Asset Omni FOF - Direct Growth - Direct,18-11-2021,142.81900
119777,Kotak Multi Asset Omni FOF - Direct Growth - Direct,17-11-2021,143.61600
119777,Kotak Multi Asset Omni FOF - Direct Growth - Direct,16-11-2021,143.78000
119777,Kotak Multi Asset Omni FOF - Direct Growth - Direct,15-11-2021,143.83600
119777,Kotak Multi Asset Omni FOF - Direct Growth - Direct,12-11-2021,143.63600
119777,Kotak Multi Asset Omni FOF - Direct Growth - Direct,11-11-2021,143.06300
119777,Kotak Multi Asset Omni FOF - Direct Growth - Direct,10-11-2021,143.35900
119777,Kotak Multi Asset Omni FOF - Direct Growth - Direct,09-11-2021,143.54600
119777,Kotak Multi Asset Omni FOF - Direct Growth - Direct,08-11-2021,143.29700
119777,Kotak Multi Asset Omni FOF - Direct Growth - Direct,03-11-2021,141.66900
119777,Kotak Multi Asset Omni FOF - Direct Growth - Direct,02-11-2021,141.57800
119777,Kotak Multi Asset Omni FOF - Direct Growth - Direct,01-11-2021,141.24900
119777,Kotak Multi Asset Omni FOF - Direct Growth - Direct,29-10-2021,140.54700
119777,Kotak Multi Asset Omni FOF - Direct Growth - Direct,28-10-2021,140.88500
119777,Kotak Multi Asset Omni FOF - Direct Growth - Direct,27-10-2021,141.65500
119777,Kotak Multi Asset Omni FOF - Direct Growth - Direct,26-10-2021,141.63300
119777,Kotak Multi Asset Omni FOF - Direct Growth - Direct,25-10-2021,140.59700
119777,Kotak Multi Asset Omni FOF - Direct Growth - Direct,22-10-2021,141.04100
119777,Kotak Multi Asset Omni FOF - Direct Growth - Direct,21-10-2021,141.72100
119777,Kotak Multi Asset Omni FOF - Direct Growth - Direct,20-10-2021,142.06600
119777,Kotak Multi Asset Omni FOF - Direct Growth - Direct,19-10-2021,143.19100
119777,Kotak Multi Asset Omni FOF - Direct Growth - Direct,18-10-2021,143.87900
119777,Kotak Multi Asset Omni FOF - Direct Growth - Direct,14-10-2021,143.32300
119777,Kotak Multi Asset Omni FOF - Direct Growth - Direct,13-10-2021,142.87800
119777,Kotak Multi Asset Omni FOF - Direct Growth - Direct,12-10-2021,142.38500
119777,Kotak Multi Asset Omni FOF - Direct Growth - Direct,11-10-2021,142.24000
119777,Kotak Multi Asset Omni FOF - Direct Growth - Direct,08-10-2021,141.74700
119777,Kotak Multi Asset Omni FOF - Direct Growth - Direct,07-10-2021,141.29700
119777,Kotak Multi Asset Omni FOF - Direct Growth - Direct,06-10-2021,140.50200
119777,Kotak Multi Asset Omni FOF - Direct Growth - Direct,05-10-2021,141.05600
119777,Kotak Multi Asset Omni FOF - Direct Growth - Direct,04-10-2021,140.85300
119777,Kotak Multi Asset Omni FOF - Direct Growth - Direct,01-10-2021,140.04900
119777,Kotak Multi Asset Omni FOF - Direct Growth - Direct,30-09-2021,140.14200
119777,Kotak Multi Asset Omni FOF - Direct Growth - Direct,29-09-2021,139.73800
119777,Kotak Multi Asset Omni FOF - Direct Growth - Direct,28-09-2021,139.63200
119777,Kotak Multi Asset Omni FOF - Direct Growth - Direct,27-09-2021,140.14000
119777,Kotak Multi Asset Omni FOF - Direct Growth - Direct,24-09-2021,140.20800
119777,Kotak Multi Asset Omni FOF - Direct Growth - Direct,23-09-2021,140.40400
119777,Kotak Multi Asset Omni FOF - Direct Growth - Direct,22-09-2021,139.67000
119777,Kotak Multi Asset Omni FOF - Direct Growth - Direct,21-09-2021,139.26800
119777,Kotak Multi Asset Omni FOF - Direct Growth - Direct,20-09-2021,139.14600
119777,Kotak Multi Asset Omni FOF - Direct Growth - Direct,17-09-2021,140.04800
119777,Kotak Multi Asset Omni FOF - Direct Growth - Direct,16-09-2021,140.51900
119777,Kotak Multi Asset Omni FOF - Direct Growth - Direct,15-09-2021,140.41900
119777,Kotak Multi Asset Omni FOF - Direct Growth - Direct,14-09-2021,139.68200
119777,Kotak Multi Asset Omni FOF - Direct Growth - Direct,13-09-2021,139.26400
119777,Kotak Multi Asset Omni FOF - Direct Growth - Direct,09-09-2021,139.06600
119777,Kotak Multi Asset Omni FOF - Direct Growth - Direct,08-09-2021,138.84900
119777,Kotak Multi Asset Omni FOF - Direct Growth - Direct,07-09-2021,138.73600
119777,Kotak Multi Asset Omni FOF - Direct Growth - Direct,06-09-2021,138.65600
119777,Kotak Multi Asset Omni FOF - Direct Growth - Direct,03-09-2021,138.45400
119777,Kotak Multi Asset Omni FOF - Direct Growth - Direct,02-09-2021,137.91800
119777,Kotak Multi Asset Omni FOF - Direct Growth - Direct,01-09-2021,137.22900
119777,Kotak Multi Asset Omni FOF - Direct Growth - Direct,31-08-2021,136.95000
119777,Kotak Multi Asset Omni FOF - Direct Growth - Direct,30-08-2021,136.16200
119777,Kotak Multi Asset Omni FOF - Direct Growth - Direct,27-08-2021,135.11800
119777,Kotak Multi Asset Omni FOF - Direct Growth - Direct,26-08-2021,134.48100
119777,Kotak Multi Asset Omni FOF - Direct Growth - Direct,25-08-2021,134.31600
119777,Kotak Multi Asset Omni FOF - Direct Growth - Direct,24-08-2021,134.11900
119777,Kotak Multi Asset Omni FOF - Direct Growth - Direct,23-08-2021,133.36200
119777,Kotak Multi Asset Omni FOF - Direct Growth - Direct,20-08-2021,133.78000
119777,Kotak Multi Asset Omni FOF - Direct Growth - Direct,18-08-2021,134.75700
119777,Kotak Multi Asset Omni FOF - Direct Growth - Direct,17-08-2021,134.56900
119777,Kotak Multi Asset Omni FOF - Direct Growth - Direct,16-08-2021,134.26400
119777,Kotak Multi Asset Omni FOF - Direct Growth - Direct,13-08-2021,134.40100
119777,Kotak Multi Asset Omni FOF - Direct Growth - Direct,12-08-2021,133.92900
119777,Kotak Multi Asset Omni FOF - Direct Growth - Direct,11-08-2021,133.18500
119777,Kotak Multi Asset Omni FOF - Direct Growth - Direct,10-08-2021,133.62900
119777,Kotak Multi Asset Omni FOF - Direct Growth - Direct,09-08-2021,134.30900
119777,Kotak Multi Asset Omni FOF - Direct Growth - Direct,06-08-2021,134.50600
119777,Kotak Multi Asset Omni FOF - Direct Growth - Direct,05-08-2021,134.78500
119777,Kotak Multi Asset Omni FOF - Direct Growth - Direct,04-08-2021,134.80300
119777,Kotak Multi Asset Omni FOF - Direct Growth - Direct,03-08-2021,134.95000
119777,Kotak Multi Asset Omni FOF - Direct Growth - Direct,02-08-2021,134.42200
119777,Kotak Multi Asset Omni FOF - Direct Growth - Direct,30-07-2021,133.48100
119777,Kotak Multi Asset Omni FOF - Direct Growth - Direct,29-07-2021,133.07500
119777,Kotak Multi Asset Omni FOF - Direct Growth - Direct,28-07-2021,132.71600
119777,Kotak Multi Asset Omni FOF - Direct Growth - Direct,27-07-2021,132.93500
119777,Kotak Multi Asset Omni FOF - Direct Growth - Direct,26-07-2021,133.26000
119777,Kotak Multi Asset Omni FOF - Direct Growth - Direct,23-07-2021,132.85200
119777,Kotak Multi Asset Omni FOF - Direct Growth - Direct,22-07-2021,132.28600
119777,Kotak Multi Asset Omni FOF - Direct Growth - Direct,20-07-2021,131.38000
119777,Kotak Multi Asset Omni FOF - Direct Growth - Direct,19-07-2021,131.98500
119777,Kotak Multi Asset Omni FOF - Direct Growth - Direct,16-07-2021,132.24700
119777,Kotak Multi Asset Omni FOF - Direct Growth - Direct,15-07-2021,131.88700
119777,Kotak Multi Asset Omni FOF - Direct Growth - Direct,14-07-2021,131.66100
119777,Kotak Multi Asset Omni FOF - Direct Growth - Direct,13-07-2021,131.60500
119777,Kotak Multi Asset Omni FOF - Direct Growth - Direct,12-07-2021,131.12500
119777,Kotak Multi Asset Omni FOF - Direct Growth - Direct,09-07-2021,130.92600
119777,Kotak Multi Asset Omni FOF - Direct Growth - Direct,08-07-2021,130.81400
119777,Kotak Multi Asset Omni FOF - Direct Growth - Direct,07-07-2021,131.08500
119777,Kotak Multi Asset Omni FOF - Direct Growth - Direct,06-07-2021,130.90100
119777,Kotak Multi Asset Omni FOF - Direct Growth - Direct,05-07-2021,130.85400
119777,Kotak Multi Asset Omni FOF - Direct Growth - Direct,02-07-2021,130.46600
119777,Kotak Multi Asset Omni FOF - Direct Growth - Direct,01-07-2021,130.11700
119777,Kotak Multi Asset Omni FOF - Direct Growth - Direct,30-06-2021,129.98600
119777,Kotak Multi Asset Omni FOF - Direct Growth - Direct,29-06-2021,129.59000
119777,Kotak Multi Asset Omni FOF - Direct Growth - Direct,28-06-2021,129.76500
119777,Kotak Multi Asset Omni FOF - Direct Growth - Direct,25-06-2021,129.55900
119777,Kotak Multi Asset Omni FOF - Direct Growth - Direct,24-06-2021,128.99800
119777,Kotak Multi Asset Omni FOF - Direct Growth - Direct,23-06-2021,128.66300
119777,Kotak Multi Asset Omni FOF - Direct Growth - Direct,22-06-2021,128.85400
119777,Kotak Multi Asset Omni FOF - Direct Growth - Direct,21-06-2021,128.67400
119777,Kotak Multi Asset Omni FOF - Direct Growth - Direct,18-06-2021,128.26000
119777,Kotak Multi Asset Omni FOF - Direct Growth - Direct,17-06-2021,128.56000
119777,Kotak Multi Asset Omni FOF - Direct Growth - Direct,16-06-2021,128.72800
119777,Kotak Multi Asset Omni FOF - Direct Growth - Direct,15-06-2021,129.04500
119777,Kotak Multi Asset Omni FOF - Direct Growth - Direct,14-06-2021,128.66500
119777,Kotak Multi Asset Omni FOF - Direct Growth - Direct,11-06-2021,128.62500
119777,Kotak Multi Asset Omni FOF - Direct Growth - Direct,10-06-2021,128.45200
119777,Kotak Multi Asset Omni FOF - Direct Growth - Direct,09-06-2021,127.65800
119777,Kotak Multi Asset Omni FOF - Direct Growth - Direct,08-06-2021,128.35600
119777,Kotak Multi Asset Omni FOF - Direct Growth - Direct,07-06-2021,128.04100
119777,Kotak Multi Asset Omni FOF - Direct Growth - Direct,04-06-2021,127.33700
119777,Kotak Multi Asset Omni FOF - Direct Growth - Direct,03-06-2021,127.25100
119777,Kotak Multi Asset Omni FOF - Direct Growth - Direct,02-06-2021,126.36700
119777,Kotak Multi Asset Omni FOF - Direct Growth - Direct,01-06-2021,125.58100
119777,Kotak Multi Asset Omni FOF - Direct Growth - Direct,31-05-2021,126.05900
119777,Kotak Multi Asset Omni FOF - Direct Growth - Direct,28-05-2021,125.41600
119777,Kotak Multi Asset Omni FOF - Direct Growth - Direct,27-05-2021,125.16000
119777,Kotak Multi Asset Omni FOF - Direct Growth - Direct,26-05-2021,124.78200
119777,Kotak Multi Asset Omni FOF - Direct Growth - Direct,25-05-2021,124.37700
119777,Kotak Multi Asset Omni FOF - Direct Growth - Direct,24-05-2021,124.24300
119777,Kotak Multi Asset Omni FOF - Direct Growth - Direct,21-05-2021,123.68000
119777,Kotak Multi Asset Omni FOF - Direct Growth - Direct,20-05-2021,122.80900
119777,Kotak Multi Asset Omni FOF - Direct Growth - Direct,19-05-2021,123.03400
119777,Kotak Multi Asset Omni FOF - Direct Growth - Direct,18-05-2021,122.78700
119777,Kotak Multi Asset Omni FOF - Direct Growth - Direct,17-05-2021,121.68400
119777,Kotak Multi Asset Omni FOF - Direct Growth - Direct,14-05-2021,120.45100
119777,Kotak Multi Asset Omni FOF - Direct Growth - Direct,12-05-2021,121.02300
119777,Kotak Multi Asset Omni FOF - Direct Growth - Direct,11-05-2021,121.57500
119777,Kotak Multi Asset Omni FOF - Direct Growth - Direct,10-05-2021,121.34300
119777,Kotak Multi Asset Omni FOF - Direct Growth - Direct,07-05-2021,120.78700
119777,Kotak Multi Asset Omni FOF - Direct Growth - Direct,06-05-2021,120.85400
119777,Kotak Multi Asset Omni FOF - Direct Growth - Direct,05-05-2021,120.62800
119777,Kotak Multi Asset Omni FOF - Direct Growth - Direct,04-05-2021,120.04200
119777,Kotak Multi Asset Omni FOF - Direct Growth - Direct,03-05-2021,120.36900
119777,Kotak Multi Asset Omni FOF - Direct Growth - Direct,30-04-2021,120.09400
119777,Kotak Multi Asset Omni FOF - Direct Growth - Direct,29-04-2021,120.82800
119777,Kotak Multi Asset Omni FOF - Direct Growth - Direct,28-04-2021,120.73400
119777,Kotak Multi Asset Omni FOF - Direct Growth - Direct,27-04-2021,119.85900
119777,Kotak Multi Asset Omni FOF - Direct Growth - Direct,26-04-2021,118.82300
119777,Kotak Multi Asset Omni FOF - Direct Growth - Direct,23-04-2021,118.21100
119777,Kotak Multi Asset Omni FOF - Direct Growth - Direct,22-04-2021,118.26200
119777,Kotak Multi Asset Omni FOF - Direct Growth - Direct,20-04-2021,117.97100
119777,Kotak Multi Asset Omni FOF - Direct Growth - Direct,19-04-2021,117.78800
119777,Kotak Multi Asset Omni FOF - Direct Growth - Direct,16-04-2021,119.09500
119777,Kotak Multi Asset Omni FOF - Direct Growth - Direct,15-04-2021,118.65200
119777,Kotak Multi Asset Omni FOF - Direct Growth - Direct,13-04-2021,118.63500
119777,Kotak Multi Asset Omni FOF - Direct Growth - Direct,12-04-2021,117.90200
119777,Kotak Multi Asset Omni FOF - Direct Growth - Direct,09-04-2021,120.92600
119777,Kotak Multi Asset Omni FOF - Direct Growth - Direct,08-04-2021,120.78900
119777,Kotak Multi Asset Omni FOF - Direct Growth - Direct,07-04-2021,120.17900
119777,Kotak Multi Asset Omni FOF - Direct Growth - Direct,06-04-2021,119.34500
119777,Kotak Multi Asset Omni FOF - Direct Growth - Direct,05-04-2021,119.13600
119777,Kotak Multi Asset Omni FOF - Direct Growth - Direct,01-04-2021,120.12600
119777,Kotak Multi Asset Omni FOF - Direct Growth - Direct,31-03-2021,119.37700
119777,Kotak Multi Asset Omni FOF - Direct Growth - Direct,30-03-2021,119.36600
119777,Kotak Multi Asset Omni FOF - Direct Growth - Direct,26-03-2021,118.06500
119777,Kotak Multi Asset Omni FOF - Direct Growth - Direct,25-03-2021,117.07000
119777,Kotak Multi Asset Omni FOF - Direct Growth - Direct,24-03-2021,117.95700
119777,Kotak Multi Asset Omni FOF - Direct Growth - Direct,23-03-2021,118.95900
119777,Kotak Multi Asset Omni FOF - Direct Growth - Direct,22-03-2021,118.46800
119777,Kotak Multi Asset Omni FOF - Direct Growth - Direct,19-03-2021,118.32200
119777,Kotak Multi Asset Omni FOF - Direct Growth - Direct,18-03-2021,117.83200
119777,Kotak Multi Asset Omni FOF - Direct Growth - Direct,17-03-2021,118.39200
119777,Kotak Multi Asset Omni FOF - Direct Growth - Direct,16-03-2021,119.26200
119777,Kotak Multi Asset Omni FOF - Direct Growth - Direct,15-03-2021,119.20000
119777,Kotak Multi Asset Omni FOF - Direct Growth - Direct,12-03-2021,119.60900
119777,Kotak Multi Asset Omni FOF - Direct Growth - Direct,10-03-2021,119.67500
119777,Kotak Multi Asset Omni FOF - Direct Growth - Direct,09-03-2021,119.31400
119777,Kotak Multi Asset Omni FOF - Direct Growth - Direct,08-03-2021,119.49800
119777,Kotak Multi Asset Omni FOF - Direct Growth - Direct,05-03-2021,119.32300
119777,Kotak Multi Asset Omni FOF - Direct Growth - Direct,04-03-2021,119.83900
119777,Kotak Multi Asset Omni FOF - Direct Growth - Direct,03-03-2021,119.48900
119777,Kotak Multi Asset Omni FOF - Direct Growth - Direct,02-03-2021,118.96000
119777,Kotak Multi Asset Omni FOF - Direct Growth - Direct,01-03-2021,118.47500
119777,Kotak Multi Asset Omni FOF - Direct Growth - Direct,26-02-2021,117.89300
119777,Kotak Multi Asset Omni FOF - Direct Growth - Direct,25-02-2021,118.38900
119777,Kotak Multi Asset Omni FOF - Direct Growth - Direct,24-02-2021,117.90200
119777,Kotak Multi Asset Omni FOF - Direct Growth - Direct,23-02-2021,117.50300
119777,Kotak Multi Asset Omni FOF - Direct Growth - Direct,22-02-2021,117.18000
119777,Kotak Multi Asset Omni FOF - Direct Growth - Direct,19-02-2021,117.66200
119777,Kotak Multi Asset Omni FOF - Direct Growth - Direct,18-02-2021,118.07600
119777,Kotak Multi Asset Omni FOF - Direct Growth - Direct,17-02-2021,117.96900
119777,Kotak Multi Asset Omni FOF - Direct Growth - Direct,16-02-2021,117.91100
119777,Kotak Multi Asset Omni FOF - Direct Growth - Direct,15-02-2021,117.86200
119777,Kotak Multi Asset Omni FOF - Direct Growth - Direct,12-02-2021,117.51400
119777,Kotak Multi Asset Omni FOF - Direct Growth - Direct,11-02-2021,117.37600
119777,Kotak Multi Asset Omni FOF - Direct Growth - Direct,10-02-2021,117.11600
119777,Kotak Multi Asset Omni FOF - Direct Growth - Direct,09-02-2021,116.83800
119777,Kotak Multi Asset Omni FOF - Direct Growth - Direct,08-02-2021,116.86600
119777,Kotak Multi Asset Omni FOF - Direct Growth - Direct,05-02-2021,115.98500
119777,Kotak Multi Asset Omni FOF - Direct Growth - Direct,04-02-2021,116.11900
119777,Kotak Multi Asset Omni FOF - Direct Growth - Direct,03-02-2021,115.43600
119777,Kotak Multi Asset Omni FOF - Direct Growth - Direct,02-02-2021,114.83800
119777,Kotak Multi Asset Omni FOF - Direct Growth - Direct,01-02-2021,114.27900
119777,Kotak Multi Asset Omni FOF - Direct Growth - Direct,29-01-2021,113.75100
119777,Kotak Multi Asset Omni FOF - Direct Growth - Direct,28-01-2021,114.00500
119777,Kotak Multi Asset Omni FOF - Direct Growth - Direct,27-01-2021,114.05600
119777,Kotak Multi Asset Omni FOF - Direct Growth - Direct,25-01-2021,114.35200
119777,Kotak Multi Asset Omni FOF - Direct Growth - Direct,22-01-2021,114.56500
119777,Kotak Multi Asset Omni FOF - Direct Growth - Direct,21-01-2021,114.99300
119777,Kotak Multi Asset Omni FOF - Direct Growth - Direct,20-01-2021,115.14900
119777,Kotak Multi Asset Omni FOF - Direct Growth - Direct,19-01-2021,114.88200
119777,Kotak Multi Asset Omni FOF - Direct Growth - Direct,18-01-2021,114.19100
119777,Kotak Multi Asset Omni FOF - Direct Growth - Direct,15-01-2021,114.90200
119777,Kotak Multi Asset Omni FOF - Direct Growth - Direct,14-01-2021,115.32800
119777,Kotak Multi Asset Omni FOF - Direct Growth - Direct,13-01-2021,115.24700
119777,Kotak Multi Asset Omni FOF - Direct Growth - Direct,12-01-2021,115.42200
119777,Kotak Multi Asset Omni FOF - Direct Growth - Direct,11-01-2021,115.37300
119777,Kotak Multi Asset Omni FOF - Direct Growth - Direct,08-01-2021,115.40800
119777,Kotak Multi Asset Omni FOF - Direct Growth - Direct,07-01-2021,114.83700
119777,Kotak Multi Asset Omni FOF - Direct Growth - Direct,06-01-2021,114.42300
119777,Kotak Multi Asset Omni FOF - Direct Growth - Direct,05-01-2021,114.30100
119777,Kotak Multi Asset Omni FOF - Direct Growth - Direct,04-01-2021,113.84000
119777,Kotak Multi Asset Omni FOF - Direct Growth - Direct,01-01-2021,113.15900
119777,Kotak Multi Asset Omni FOF - Direct Growth - Direct,31-12-2020,112.75300
119777,Kotak Multi Asset Omni FOF - Direct Growth - Direct,30-12-2020,112.76000
119777,Kotak Multi Asset Omni FOF - Direct Growth - Direct,29-12-2020,112.56700
119777,Kotak Multi Asset Omni FOF - Direct Growth - Direct,28-12-2020,112.48200
119777,Kotak Multi Asset Omni FOF - Direct Growth - Direct,24-12-2020,111.86300
119777,Kotak Multi Asset Omni FOF - Direct Growth - Direct,23-12-2020,111.62400
119777,Kotak Multi Asset Omni FOF - Direct Growth - Direct,22-12-2020,110.68300
119777,Kotak Multi Asset Omni FOF - Direct Growth - Direct,21-12-2020,110.46200
119777,Kotak Multi Asset Omni FOF - Direct Growth - Direct,18-12-2020,112.18300
119777,Kotak Multi Asset Omni FOF - Direct Growth - Direct,17-12-2020,112.23500
119777,Kotak Multi Asset Omni FOF - Direct Growth - Direct,16-12-2020,112.01200
119777,Kotak Multi Asset Omni FOF - Direct Growth - Direct,15-12-2020,111.59700
119777,Kotak Multi Asset Omni FOF - Direct Growth - Direct,14-12-2020,111.65500
119777,Kotak Multi Asset Omni FOF - Direct Growth - Direct,11-12-2020,111.29500
119777,Kotak Multi Asset Omni FOF - Direct Growth - Direct,10-12-2020,111.18700
119777,Kotak Multi Asset Omni FOF - Direct Growth - Direct,09-12-2020,111.57200
119777,Kotak Multi Asset Omni FOF - Direct Growth - Direct,08-12-2020,111.42100
119777,Kotak Multi Asset Omni FOF - Direct Growth - Direct,07-12-2020,111.60200
119777,Kotak Multi Asset Omni FOF - Direct Growth - Direct,04-12-2020,111.12300
119777,Kotak Multi Asset Omni FOF - Direct Growth - Direct,03-12-2020,110.53800
119777,Kotak Multi Asset Omni FOF - Direct Growth - Direct,02-12-2020,110.37300
119777,Kotak Multi Asset Omni FOF - Direct Growth - Direct,01-12-2020,110.26900
119777,Kotak Multi Asset Omni FOF - Direct Growth - Direct,27-11-2020,109.55200
119777,Kotak Multi Asset Omni FOF - Direct Growth - Direct,26-11-2020,108.50500
119777,Kotak Multi Asset Omni FOF - Direct Growth - Direct,25-11-2020,108.06600
119777,Kotak Multi Asset Omni FOF - Direct Growth - Direct,24-11-2020,108.85300
119777,Kotak Multi Asset Omni FOF - Direct Growth - Direct,23-11-2020,108.34100
119777,Kotak Multi Asset Omni FOF - Direct Growth - Direct,20-11-2020,107.62200
119777,Kotak Multi Asset Omni FOF - Direct Growth - Direct,19-11-2020,107.03000
119777,Kotak Multi Asset Omni FOF - Direct Growth - Direct,18-11-2020,107.20100
119777,Kotak Multi Asset Omni FOF - Direct Growth - Direct,17-11-2020,106.66400
119777,Kotak Multi Asset Omni FOF - Direct Growth - Direct,13-11-2020,105.55400
119777,Kotak Multi Asset Omni FOF - Direct Growth - Direct,12-11-2020,105.05700
119777,Kotak Multi Asset Omni FOF - Direct Growth - Direct,11-11-2020,104.85400
119777,Kotak Multi Asset Omni FOF - Direct Growth - Direct,10-11-2020,104.45100
119777,Kotak Multi Asset Omni FOF - Direct Growth - Direct,09-11-2020,104.46900
119777,Kotak Multi Asset Omni FOF - Direct Growth - Direct,06-11-2020,103.84000
119777,Kotak Multi Asset Omni FOF - Direct Growth - Direct,05-11-2020,103.52500
119777,Kotak Multi Asset Omni FOF - Direct Growth - Direct,04-11-2020,102.64300
119777,Kotak Multi Asset Omni FOF - Direct Growth - Direct,03-11-2020,102.28300
119777,Kotak Multi Asset Omni FOF - Direct Growth - Direct,02-11-2020,101.73200
119777,Kotak Multi Asset Omni FOF - Direct Growth - Direct,30-10-2020,101.83900
119777,Kotak Multi Asset Omni FOF - Direct Growth - Direct,29-10-2020,101.94400
119777,Kotak Multi Asset Omni FOF - Direct Growth - Direct,28-10-2020,101.93800
119777,Kotak Multi Asset Omni FOF - Direct Growth - Direct,27-10-2020,102.42000
119777,Kotak Multi Asset Omni FOF - Direct Growth - Direct,26-10-2020,101.85400
119777,Kotak Multi Asset Omni FOF - Direct Growth - Direct,23-10-2020,102.53100
119777,Kotak Multi Asset Omni FOF - Direct Growth - Direct,22-10-2020,102.36600
119777,Kotak Multi Asset Omni FOF - Direct Growth - Direct,21-10-2020,102.15300
119777,Kotak Multi Asset Omni FOF - Direct Growth - Direct,20-10-2020,101.90400
119777,Kotak Multi Asset Omni FOF - Direct Growth - Direct,19-10-2020,101.70000
119777,Kotak Multi Asset Omni FOF - Direct Growth - Direct,16-10-2020,101.32700
119777,Kotak Multi Asset Omni FOF - Direct Growth - Direct,15-10-2020,100.61900
119777,Kotak Multi Asset Omni FOF - Direct Growth - Direct,14-10-2020,101.49800
119777,Kotak Multi Asset Omni FOF - Direct Growth - Direct,13-10-2020,101.32700
119777,Kotak Multi Asset Omni FOF - Direct Growth - Direct,12-10-2020,101.28100
119777,Kotak Multi Asset Omni FOF - Direct Growth - Direct,09-10-2020,101.54800
119777,Kotak Multi Asset Omni FOF - Direct Growth - Direct,08-10-2020,101.35800
119777,Kotak Multi Asset Omni FOF - Direct Growth - Direct,07-10-2020,101.17800
119777,Kotak Multi Asset Omni FOF - Direct Growth - Direct,06-10-2020,101.19200
119777,Kotak Multi Asset Omni FOF - Direct Growth - Direct,05-10-2020,101.00700
119777,Kotak Multi Asset Omni FOF - Direct Growth - Direct,01-10-2020,100.86600
119777,Kotak Multi Asset Omni FOF - Direct Growth - Direct,30-09-2020,100.40400
119777,Kotak Multi Asset Omni FOF - Direct Growth - Direct,29-09-2020,100.36600
119777,Kotak Multi Asset Omni FOF - Direct Growth - Direct,28-09-2020,100.26000
119777,Kotak Multi Asset Omni FOF - Direct Growth - Direct,25-09-2020,99.02700
119777,Kotak Multi Asset Omni FOF - Direct Growth - Direct,24-09-2020,97.73800
119777,Kotak Multi Asset Omni FOF - Direct Growth - Direct,23-09-2020,99.20800
119777,Kotak Multi Asset Omni FOF - Direct Growth - Direct,22-09-2020,99.21900
119777,Kotak Multi Asset Omni FOF - Direct Growth - Direct,21-09-2020,100.07200
119777,Kotak Multi Asset Omni FOF - Direct Growth - Direct,18-09-2020,102.01900
119777,Kotak Multi Asset Omni FOF - Direct Growth - Direct,17-09-2020,102.08600
119777,Kotak Multi Asset Omni FOF - Direct Growth - Direct,16-09-2020,102.28900
119777,Kotak Multi Asset Omni FOF - Direct Growth - Direct,15-09-2020,101.93700
119777,Kotak Multi Asset Omni FOF - Direct Growth - Direct,14-09-2020,101.25600
119777,Kotak Multi Asset Omni FOF - Direct Growth - Direct,11-09-2020,99.17200
119777,Kotak Multi Asset Omni FOF - Direct Growth - Direct,10-09-2020,98.98700
119777,Kotak Multi Asset Omni FOF - Direct Growth - Direct,09-09-2020,98.16400
119777,Kotak Multi Asset Omni FOF - Direct Growth - Direct,08-09-2020,98.66500
119777,Kotak Multi Asset Omni FOF - Direct Growth - Direct,07-09-2020,99.31800
119777,Kotak Multi Asset Omni FOF - Direct Growth - Direct,04-09-2020,99.47900
119777,Kotak Multi Asset Omni FOF - Direct Growth - Direct,03-09-2020,100.35100
119777,Kotak Multi Asset Omni FOF - Direct Growth - Direct,02-09-2020,100.18200
119777,Kotak Multi Asset Omni FOF - Direct Growth - Direct,01-09-2020,99.49000
119777,Kotak Multi Asset Omni FOF - Direct Growth - Direct,31-08-2020,99.12900
119777,Kotak Multi Asset Omni FOF - Direct Growth - Direct,28-08-2020,101.31600
119777,Kotak Multi Asset Omni FOF - Direct Growth - Direct,27-08-2020,101.26600
119777,Kotak Multi Asset Omni FOF - Direct Growth - Direct,26-08-2020,101.19300
119777,Kotak Multi Asset Omni FOF - Direct Growth - Direct,25-08-2020,100.83500
119777,Kotak Multi Asset Omni FOF - Direct Growth - Direct,24-08-2020,100.91400
119777,Kotak Multi Asset Omni FOF - Direct Growth - Direct,21-08-2020,100.38300
119777,Kotak Multi Asset Omni FOF - Direct Growth - Direct,20-08-2020,99.53200
119777,Kotak Multi Asset Omni FOF - Direct Growth - Direct,19-08-2020,99.37800
119777,Kotak Multi Asset Omni FOF - Direct Growth - Direct,18-08-2020,98.96200
119777,Kotak Multi Asset Omni FOF - Direct Growth - Direct,17-08-2020,98.25600
119777,Kotak Multi Asset Omni FOF - Direct Growth - Direct,14-08-2020,98.07200
119777,Kotak Multi Asset Omni FOF - Direct Growth - Direct,13-08-2020,98.58700
119777,Kotak Multi Asset Omni FOF - Direct Growth - Direct,12-08-2020,98.07300
119777,Kotak Multi Asset Omni FOF - Direct Growth - Direct,11-08-2020,98.01000
119777,Kotak Multi Asset Omni FOF - Direct Growth - Direct,10-08-2020,98.03900
119777,Kotak Multi Asset Omni FOF - Direct Growth - Direct,07-08-2020,97.50000
119777,Kotak Multi Asset Omni FOF - Direct Growth - Direct,06-08-2020,97.31400
119777,Kotak Multi Asset Omni FOF - Direct Growth - Direct,05-08-2020,96.78500
119777,Kotak Multi Asset Omni FOF - Direct Growth - Direct,04-08-2020,96.48700
119777,Kotak Multi Asset Omni FOF - Direct Growth - Direct,03-08-2020,95.78900
119777,Kotak Multi Asset Omni FOF - Direct Growth - Direct,31-07-2020,96.01700
119777,Kotak Multi Asset Omni FOF - Direct Growth - Direct,30-07-2020,95.64900
119777,Kotak Multi Asset Omni FOF - Direct Growth - Direct,29-07-2020,95.98500
119777,Kotak Multi Asset Omni FOF - Direct Growth - Direct,28-07-2020,96.08000
119777,Kotak Multi Asset Omni FOF - Direct Growth - Direct,27-07-2020,95.48000
119777,Kotak Multi Asset Omni FOF - Direct Growth - Direct,24-07-2020,96.03000
119777,Kotak Multi Asset Omni FOF - Direct Growth - Direct,23-07-2020,96.36300
119777,Kotak Multi Asset Omni FOF - Direct Growth - Direct,22-07-2020,95.90200
119777,Kotak Multi Asset Omni FOF - Direct Growth - Direct,21-07-2020,96.09300
119777,Kotak Multi Asset Omni FOF - Direct Growth - Direct,20-07-2020,95.61100
119777,Kotak Multi Asset Omni FOF - Direct Growth - Direct,17-07-2020,94.87200
119777,Kotak Multi Asset Omni FOF - Direct Growth - Direct,16-07-2020,93.98300
119777,Kotak Multi Asset Omni FOF - Direct Growth - Direct,15-07-2020,93.40600
119777,Kotak Multi Asset Omni FOF - Direct Growth - Direct,14-07-2020,93.57600
119777,Kotak Multi Asset Omni FOF - Direct Growth - Direct,13-07-2020,94.20200
119777,Kotak Multi Asset Omni FOF - Direct Growth - Direct,10-07-2020,94.07400
119777,Kotak Multi Asset Omni FOF - Direct Growth - Direct,09-07-2020,94.29400
119777,Kotak Multi Asset Omni FOF - Direct Growth - Direct,08-07-2020,94.01600
119777,Kotak Multi Asset Omni FOF - Direct Growth - Direct,07-07-2020,94.48300
119777,Kotak Multi Asset Omni FOF - Direct Growth - Direct,06-07-2020,94.39300
119777,Kotak Multi Asset Omni FOF - Direct Growth - Direct,03-07-2020,93.29900
119777,Kotak Multi Asset Omni FOF - Direct Growth - Direct,02-07-2020,92.79100
119777,Kotak Multi Asset Omni FOF - Direct Growth - Direct,01-07-2020,92.42900
119777,Kotak Multi Asset Omni FOF - Direct Growth - Direct,30-06-2020,91.86000
119777,Kotak Multi Asset Omni FOF - Direct Growth - Direct,29-06-2020,91.69500
119777,Kotak Multi Asset Omni FOF - Direct Growth - Direct,26-06-2020,92.29000
119777,Kotak Multi Asset Omni FOF - Direct Growth - Direct,25-06-2020,91.91100
119777,Kotak Multi Asset Omni FOF - Direct Growth - Direct,24-06-2020,91.66100
119777,Kotak Multi Asset Omni FOF - Direct Growth - Direct,23-06-2020,92.33100
119777,Kotak Multi Asset Omni FOF - Direct Growth - Direct,22-06-2020,91.27400
119777,Kotak Multi Asset Omni FOF - Direct Growth - Direct,19-06-2020,90.68400
119777,Kotak Multi Asset Omni FOF - Direct Growth - Direct,18-06-2020,89.79800
119777,Kotak Multi Asset Omni FOF - Direct Growth - Direct,17-06-2020,89.07900
119777,Kotak Multi Asset Omni FOF - Direct Growth - Direct,16-06-2020,88.92400
119777,Kotak Multi Asset Omni FOF - Direct Growth - Direct,15-06-2020,88.43400
119777,Kotak Multi Asset Omni FOF - Direct Growth - Direct,12-06-2020,89.17000
119777,Kotak Multi Asset Omni FOF - Direct Growth - Direct,11-06-2020,88.70600
119777,Kotak Multi Asset Omni FOF - Direct Growth - Direct,10-06-2020,89.62500
119777,Kotak Multi Asset Omni FOF - Direct Growth - Direct,09-06-2020,89.26300
119777,Kotak Multi Asset Omni FOF - Direct Growth - Direct,08-06-2020,89.83100
119777,Kotak Multi Asset Omni FOF - Direct Growth - Direct,05-06-2020,89.70500
119777,Kotak Multi Asset Omni FOF - Direct Growth - Direct,04-06-2020,88.64500
119777,Kotak Multi Asset Omni FOF - Direct Growth - Direct,03-06-2020,88.69900
119777,Kotak Multi Asset Omni FOF - Direct Growth - Direct,02-06-2020,88.15200
119777,Kotak Multi Asset Omni FOF - Direct Growth - Direct,01-06-2020,87.18300
119777,Kotak Multi Asset Omni FOF - Direct Growth - Direct,29-05-2020,85.47500
119777,Kotak Multi Asset Omni FOF - Direct Growth - Direct,28-05-2020,84.65700
119777,Kotak Multi Asset Omni FOF - Direct Growth - Direct,27-05-2020,83.46500
119777,Kotak Multi Asset Omni FOF - Direct Growth - Direct,26-05-2020,82.45400
119777,Kotak Multi Asset Omni FOF - Direct Growth - Direct,22-05-2020,81.59900
119777,Kotak Multi Asset Omni FOF - Direct Growth - Direct,21-05-2020,81.65300
119777,Kotak Multi Asset Omni FOF - Direct Growth - Direct,20-05-2020,81.37300
119777,Kotak Multi Asset Omni FOF - Direct Growth - Direct,19-05-2020,80.07200
119777,Kotak Multi Asset Omni FOF - Direct Growth - Direct,18-05-2020,80.00900
119777,Kotak Multi Asset Omni FOF - Direct Growth - Direct,15-05-2020,82.66700
119777,Kotak Multi Asset Omni FOF - Direct Growth - Direct,14-05-2020,82.80200
119777,Kotak Multi Asset Omni FOF - Direct Growth - Direct,13-05-2020,83.75500
119777,Kotak Multi Asset Omni FOF - Direct Growth - Direct,12-05-2020,82.11900
119777,Kotak Multi Asset Omni FOF - Direct Growth - Direct,11-05-2020,82.76400
119777,Kotak Multi Asset Omni FOF - Direct Growth - Direct,08-05-2020,82.57700
119777,Kotak Multi Asset Omni FOF - Direct Growth - Direct,07-05-2020,82.51500
119777,Kotak Multi Asset Omni FOF - Direct Growth - Direct,06-05-2020,82.97500
119777,Kotak Multi Asset Omni FOF - Direct Growth - Direct,05-05-2020,82.56700
119777,Kotak Multi Asset Omni FOF - Direct Growth - Direct,04-05-2020,83.17300
119777,Kotak Multi Asset Omni FOF - Direct Growth - Direct,30-04-2020,86.70800
119777,Kotak Multi Asset Omni FOF - Direct Growth - Direct,29-04-2020,85.17500
119777,Kotak Multi Asset Omni FOF - Direct Growth - Direct,28-04-2020,84.31000
119777,Kotak Multi Asset Omni FOF - Direct Growth - Direct,27-04-2020,83.56500
119777,Kotak Multi Asset Omni FOF - Direct Growth - Direct,24-04-2020,82.26400
119777,Kotak Multi Asset Omni FOF - Direct Growth - Direct,23-04-2020,83.73400
119777,Kotak Multi Asset Omni FOF - Direct Growth - Direct,22-04-2020,82.93200
119777,Kotak Multi Asset Omni FOF - Direct Growth - Direct,21-04-2020,81.73800
119777,Kotak Multi Asset Omni FOF - Direct Growth - Direct,20-04-2020,83.79300
119777,Kotak Multi Asset Omni FOF - Direct Growth - Direct,17-04-2020,83.63300
119777,Kotak Multi Asset Omni FOF - Direct Growth - Direct,16-04-2020,81.96200
119777,Kotak Multi Asset Omni FOF - Direct Growth - Direct,15-04-2020,80.79900
119777,Kotak Multi Asset Omni FOF - Direct Growth - Direct,13-04-2020,80.11600
119777,Kotak Multi Asset Omni FOF - Direct Growth - Direct,09-04-2020,80.47300
119777,Kotak Multi Asset Omni FOF - Direct Growth - Direct,08-04-2020,78.30900
119777,Kotak Multi Asset Omni FOF - Direct Growth - Direct,07-04-2020,77.81300
119777,Kotak Multi Asset Omni FOF - Direct Growth - Direct,03-04-2020,73.84800
119777,Kotak Multi Asset Omni FOF - Direct Growth - Direct,01-04-2020,75.48300
119777,Kotak Multi Asset Omni FOF - Direct Growth - Direct,31-03-2020,77.42300
119777,Kotak Multi Asset Omni FOF - Direct Growth - Direct,30-03-2020,75.33500
119777,Kotak Multi Asset Omni FOF - Direct Growth - Direct,27-03-2020,77.03900
119777,Kotak Multi Asset Omni FOF - Direct Growth - Direct,26-03-2020,77.14300
119777,Kotak Multi Asset Omni FOF - Direct Growth - Direct,25-03-2020,74.72500
119777,Kotak Multi Asset Omni FOF - Direct Growth - Direct,24-03-2020,71.92400
119777,Kotak Multi Asset Omni FOF - Direct Growth - Direct,23-03-2020,71.44000
119777,Kotak Multi Asset Omni FOF - Direct Growth - Direct,20-03-2020,80.07500
119777,Kotak Multi Asset Omni FOF - Direct Growth - Direct,19-03-2020,77.42000
119777,Kotak Multi Asset Omni FOF - Direct Growth - Direct,18-03-2020,79.95100
119777,Kotak Multi Asset Omni FOF - Direct Growth - Direct,17-03-2020,83.21900
119777,Kotak Multi Asset Omni FOF - Direct Growth - Direct,16-03-2020,84.00700
119777,Kotak Multi Asset Omni FOF - Direct Growth - Direct,13-03-2020,86.38000
119777,Kotak Multi Asset Omni FOF - Direct Growth - Direct,12-03-2020,85.62300
119777,Kotak Multi Asset Omni FOF - Direct Growth - Direct,11-03-2020,88.90600
119777,Kotak Multi Asset Omni FOF - Direct Growth - Direct,09-03-2020,89.12300
119777,Kotak Multi Asset Omni FOF - Direct Growth - Direct,06-03-2020,90.22500
119777,Kotak Multi Asset Omni FOF - Direct Growth - Direct,05-03-2020,90.74600
119777,Kotak Multi Asset Omni FOF - Direct Growth - Direct,04-03-2020,90.65200
119777,Kotak Multi Asset Omni FOF - Direct Growth - Direct,03-03-2020,90.95500
119777,Kotak Multi Asset Omni FOF - Direct Growth - Direct,02-03-2020,90.60600
119777,Kotak Multi Asset Omni FOF - Direct Growth - Direct,28-02-2020,90.80200
119777,Kotak Multi Asset Omni FOF - Direct Growth - Direct,27-02-2020,91.54700
119777,Kotak Multi Asset Omni FOF - Direct Growth - Direct,26-02-2020,91.73800
119777,Kotak Multi Asset Omni FOF - Direct Growth - Direct,25-02-2020,91.99000
119777,Kotak Multi Asset Omni FOF - Direct Growth - Direct,24-02-2020,92.10200
119777,Kotak Multi Asset Omni FOF - Direct Growth - Direct,20-02-2020,92.49300
119777,Kotak Multi Asset Omni FOF - Direct Growth - Direct,19-02-2020,92.43500
119777,Kotak Multi Asset Omni FOF - Direct Growth - Direct,18-02-2020,92.08300
119777,Kotak Multi Asset Omni FOF - Direct Growth - Direct,17-02-2020,92.20000
119777,Kotak Multi Asset Omni FOF - Direct Growth - Direct,14-02-2020,92.35900
119777,Kotak Multi Asset Omni FOF - Direct Growth - Direct,13-02-2020,92.45900
119777,Kotak Multi Asset Omni FOF - Direct Growth - Direct,12-02-2020,92.50600
119777,Kotak Multi Asset Omni FOF - Direct Growth - Direct,11-02-2020,92.46200
119777,Kotak Multi Asset Omni FOF - Direct Growth - Direct,10-02-2020,92.42900
119777,Kotak Multi Asset Omni FOF - Direct Growth - Direct,07-02-2020,92.57400
119777,Kotak Multi Asset Omni FOF - Direct Growth - Direct,06-02-2020,92.41600
119777,Kotak Multi Asset Omni FOF - Direct Growth - Direct,05-02-2020,92.22300
119777,Kotak Multi Asset Omni FOF - Direct Growth - Direct,04-02-2020,91.90300
119777,Kotak Multi Asset Omni FOF - Direct Growth - Direct,03-02-2020,91.49300
119777,Kotak Multi Asset Omni FOF - Direct Growth - Direct,31-01-2020,91.82900
119777,Kotak Multi Asset Omni FOF - Direct Growth - Direct,30-01-2020,91.94200
119777,Kotak Multi Asset Omni FOF - Direct Growth - Direct,29-01-2020,92.15500
119777,Kotak Multi Asset Omni FOF - Direct Growth - Direct,28-01-2020,92.04900
119777,Kotak Multi Asset Omni FOF - Direct Growth - Direct,27-01-2020,92.11100
119777,Kotak Multi Asset Omni FOF - Direct Growth - Direct,24-01-2020,92.13700
119777,Kotak Multi Asset Omni FOF - Direct Growth - Direct,23-01-2020,91.81200
119777,Kotak Multi Asset Omni FOF - Direct Growth - Direct,22-01-2020,91.36600
119777,Kotak Multi Asset Omni FOF - Direct Growth - Direct,21-01-2020,91.40300
119777,Kotak Multi Asset Omni FOF - Direct Growth - Direct,20-01-2020,91.34800
119777,Kotak Multi Asset Omni FOF - Direct Growth - Direct,17-01-2020,91.46300
119777,Kotak Multi Asset Omni FOF - Direct Growth - Direct,16-01-2020,91.30800
119777,Kotak Multi Asset Omni FOF - Direct Growth - Direct,15-01-2020,91.11000
119777,Kotak Multi Asset Omni FOF - Direct Growth - Direct,14-01-2020,90.93200
119777,Kotak Multi Asset Omni FOF - Direct Growth - Direct,13-01-2020,90.82800
119777,Kotak Multi Asset Omni FOF - Direct Growth - Direct,10-01-2020,90.63600
119777,Kotak Multi Asset Omni FOF - Direct Growth - Direct,09-01-2020,90.54600
119777,Kotak Multi Asset Omni FOF - Direct Growth - Direct,08-01-2020,90.09600
119777,Kotak Multi Asset Omni FOF - Direct Growth - Direct,07-01-2020,89.98300
119777,Kotak Multi Asset Omni FOF - Direct Growth - Direct,06-01-2020,89.73900
119777,Kotak Multi Asset Omni FOF - Direct Growth - Direct,03-01-2020,90.26100
119777,Kotak Multi Asset Omni FOF - Direct Growth - Direct,02-01-2020,90.29100
119777,Kotak Multi Asset Omni FOF - Direct Growth - Direct,01-01-2020,89.92300
119777,Kotak Multi Asset Omni FOF - Direct Growth - Direct,31-12-2019,89.79000
119777,Kotak Multi Asset Omni FOF - Direct Growth - Direct,30-12-2019,89.73400
119777,Kotak Multi Asset Omni FOF - Direct Growth - Direct,27-12-2019,89.62600
119777,Kotak Multi Asset Omni FOF - Direct Growth - Direct,26-12-2019,89.33100
119777,Kotak Multi Asset Omni FOF - Direct Growth - Direct,24-12-2019,89.28300
119777,Kotak Multi Asset Omni FOF - Direct Growth - Direct,23-12-2019,89.32400
119777,Kotak Multi Asset Omni FOF - Direct Growth - Direct,20-12-2019,89.33500
119777,Kotak Multi Asset Omni FOF - Direct Growth - Direct,19-12-2019,89.16400
119777,Kotak Multi Asset Omni FOF - Direct Growth - Direct,18-12-2019,89.15600
119777,Kotak Multi Asset Omni FOF - Direct Growth - Direct,17-12-2019,89.12900
119777,Kotak Multi Asset Omni FOF - Direct Growth - Direct,16-12-2019,88.93700
119777,Kotak Multi Asset Omni FOF - Direct Growth - Direct,13-12-2019,89.00300
119777,Kotak Multi Asset Omni FOF - Direct Growth - Direct,12-12-2019,88.76500
119777,Kotak Multi Asset Omni FOF - Direct Growth - Direct,11-12-2019,88.62200
119777,Kotak Multi Asset Omni FOF - Direct Growth - Direct,10-12-2019,88.58500
119777,Kotak Multi Asset Omni FOF - Direct Growth - Direct,09-12-2019,88.88400
119777,Kotak Multi Asset Omni FOF - Direct Growth - Direct,06-12-2019,88.81900
119777,Kotak Multi Asset Omni FOF - Direct Growth - Direct,05-12-2019,89.05200
119777,Kotak Multi Asset Omni FOF - Direct Growth - Direct,04-12-2019,89.24500
119777,Kotak Multi Asset Omni FOF - Direct Growth - Direct,03-12-2019,89.14800
119777,Kotak Multi Asset Omni FOF - Direct Growth - Direct,02-12-2019,89.30000
119777,Kotak Multi Asset Omni FOF - Direct Growth - Direct,29-11-2019,89.29900
119777,Kotak Multi Asset Omni FOF - Direct Growth - Direct,28-11-2019,89.31700
119777,Kotak Multi Asset Omni FOF - Direct Growth - Direct,27-11-2019,89.15000
119777,Kotak Multi Asset Omni FOF - Direct Growth - Direct,26-11-2019,88.92800
119777,Kotak Multi Asset Omni FOF - Direct Growth - Direct,25-11-2019,89.00000
119777,Kotak Multi Asset Omni FOF - Direct Growth - Direct,22-11-2019,88.71900
119777,Kotak Multi Asset Omni FOF - Direct Growth - Direct,21-11-2019,88.80400
119777,Kotak Multi Asset Omni FOF - Direct Growth - Direct,20-11-2019,88.99800
119777,Kotak Multi Asset Omni FOF - Direct Growth - Direct,19-11-2019,88.82400
119777,Kotak Multi Asset Omni FOF - Direct Growth - Direct,18-11-2019,88.72900
119777,Kotak Multi Asset Omni FOF - Direct Growth - Direct,15-11-2019,88.66300
119777,Kotak Multi Asset Omni FOF - Direct Growth - Direct,14-11-2019,88.63900
119777,Kotak Multi Asset Omni FOF - Direct Growth - Direct,13-11-2019,88.53200
119777,Kotak Multi Asset Omni FOF - Direct Growth - Direct,11-11-2019,88.56900
119777,Kotak Multi Asset Omni FOF - Direct Growth - Direct,08-11-2019,88.43100
119777,Kotak Multi Asset Omni FOF - Direct Growth - Direct,07-11-2019,88.51700
119777,Kotak Multi Asset Omni FOF - Direct Growth - Direct,06-11-2019,88.40000
119777,Kotak Multi Asset Omni FOF - Direct Growth - Direct,05-11-2019,88.39200
119777,Kotak Multi Asset Omni FOF - Direct Growth - Direct,04-11-2019,88.63000
119777,Kotak Multi Asset Omni FOF - Direct Growth - Direct,01-11-2019,88.59100
119777,Kotak Multi Asset Omni FOF - Direct Growth - Direct,31-10-2019,88.53500
119777,Kotak Multi Asset Omni FOF - Direct Growth - Direct,30-10-2019,88.34500
119777,Kotak Multi Asset Omni FOF - Direct Growth - Direct,29-10-2019,88.18300
119777,Kotak Multi Asset Omni FOF - Direct Growth - Direct,25-10-2019,87.78000
119777,Kotak Multi Asset Omni FOF - Direct Growth - Direct,24-10-2019,87.84500
119777,Kotak Multi Asset Omni FOF - Direct Growth - Direct,23-10-2019,87.82700
119777,Kotak Multi Asset Omni FOF - Direct Growth - Direct,22-10-2019,87.79200
119777,Kotak Multi Asset Omni FOF - Direct Growth - Direct,18-10-2019,87.69000
119777,Kotak Multi Asset Omni FOF - Direct Growth - Direct,17-10-2019,87.41300
119777,Kotak Multi Asset Omni FOF - Direct Growth - Direct,16-10-2019,87.15200
119777,Kotak Multi Asset Omni FOF - Direct Growth - Direct,15-10-2019,87.11200
119777,Kotak Multi Asset Omni FOF - Direct Growth - Direct,14-10-2019,87.03400
119777,Kotak Multi Asset Omni FOF - Direct Growth - Direct,11-10-2019,86.90000
119777,Kotak Multi Asset Omni FOF - Direct Growth - Direct,10-10-2019,86.84000
119777,Kotak Multi Asset Omni FOF - Direct Growth - Direct,09-10-2019,87.04800
119777,Kotak Multi Asset Omni FOF - Direct Growth - Direct,07-10-2019,86.72800
119777,Kotak Multi Asset Omni FOF - Direct Growth - Direct,04-10-2019,86.85100
119777,Kotak Multi Asset Omni FOF - Direct Growth - Direct,03-10-2019,87.15900
119777,Kotak Multi Asset Omni FOF - Direct Growth - Direct,01-10-2019,87.16500
119777,Kotak Multi Asset Omni FOF - Direct Growth - Direct,30-09-2019,87.41300
119777,Kotak Multi Asset Omni FOF - Direct Growth - Direct,27-09-2019,87.52600
119777,Kotak Multi Asset Omni FOF - Direct Growth - Direct,26-09-2019,87.62800
119777,Kotak Multi Asset Omni FOF - Direct Growth - Direct,25-09-2019,87.32000
119777,Kotak Multi Asset Omni FOF - Direct Growth - Direct,24-09-2019,87.64700
119777,Kotak Multi Asset Omni FOF - Direct Growth - Direct,23-09-2019,87.71700
119777,Kotak Multi Asset Omni FOF - Direct Growth - Direct,20-09-2019,86.85500
119777,Kotak Multi Asset Omni FOF - Direct Growth - Direct,19-09-2019,85.69200
119777,Kotak Multi Asset Omni FOF - Direct Growth - Direct,18-09-2019,85.98800
119777,Kotak Multi Asset Omni FOF - Direct Growth - Direct,17-09-2019,85.85000
119777,Kotak Multi Asset Omni FOF - Direct Growth - Direct,16-09-2019,86.26400
119777,Kotak Multi Asset Omni FOF - Direct Growth - Direct,13-09-2019,86.32000
119777,Kotak Multi Asset Omni FOF - Direct Growth - Direct,12-09-2019,86.04400
119777,Kotak Multi Asset Omni FOF - Direct Growth - Direct,11-09-2019,86.10000
119777,Kotak Multi Asset Omni FOF - Direct Growth - Direct,09-09-2019,85.91400
119777,Kotak Multi Asset Omni FOF - Direct Growth - Direct,06-09-2019,85.65600
119777,Kotak Multi Asset Omni FOF - Direct Growth - Direct,05-09-2019,85.47700
119777,Kotak Multi Asset Omni FOF - Direct Growth - Direct,04-09-2019,85.38900
119777,Kotak Multi Asset Omni FOF - Direct Growth - Direct,03-09-2019,85.34900
119777,Kotak Multi Asset Omni FOF - Direct Growth - Direct,30-08-2019,85.61200
119777,Kotak Multi Asset Omni FOF - Direct Growth - Direct,29-08-2019,85.40200
119777,Kotak Multi Asset Omni FOF - Direct Growth - Direct,28-08-2019,85.61400
119777,Kotak Multi Asset Omni FOF - Direct Growth - Direct,27-08-2019,85.74600
119777,Kotak Multi Asset Omni FOF - Direct Growth - Direct,26-08-2019,85.56600
119777,Kotak Multi Asset Omni FOF - Direct Growth - Direct,23-08-2019,85.12800
119777,Kotak Multi Asset Omni FOF - Direct Growth - Direct,22-08-2019,85.00600
119777,Kotak Multi Asset Omni FOF - Direct Growth - Direct,21-08-2019,85.22000
119777,Kotak Multi Asset Omni FOF - Direct Growth - Direct,20-08-2019,85.37500
119777,Kotak Multi Asset Omni FOF - Direct Growth - Direct,19-08-2019,85.47300
119777,Kotak Multi Asset Omni FOF - Direct Growth - Direct,16-08-2019,85.39600
119777,Kotak Multi Asset Omni FOF - Direct Growth - Direct,14-08-2019,85.26300
119777,Kotak Multi Asset Omni FOF - Direct Growth - Direct,13-08-2019,85.16600
119777,Kotak Multi Asset Omni FOF - Direct Growth - Direct,09-08-2019,85.39800
119777,Kotak Multi Asset Omni FOF - Direct Growth - Direct,08-08-2019,85.32600
119777,Kotak Multi Asset Omni FOF - Direct Growth - Direct,07-08-2019,85.14600
119777,Kotak Multi Asset Omni FOF - Direct Growth - Direct,06-08-2019,85.15500
119777,Kotak Multi Asset Omni FOF - Direct Growth - Direct,05-08-2019,85.01700
119777,Kotak Multi Asset Omni FOF - Direct Growth - Direct,02-08-2019,85.11100
119777,Kotak Multi Asset Omni FOF - Direct Growth - Direct,01-08-2019,85.04200
119777,Kotak Multi Asset Omni FOF - Direct Growth - Direct,31-07-2019,85.13000
119777,Kotak Multi Asset Omni FOF - Direct Growth - Direct,30-07-2019,85.06000
119777,Kotak Multi Asset Omni FOF - Direct Growth - Direct,29-07-2019,85.13200
119777,Kotak Multi Asset Omni FOF - Direct Growth - Direct,26-07-2019,85.06200
119777,Kotak Multi Asset Omni FOF - Direct Growth - Direct,25-07-2019,84.99400
119777,Kotak Multi Asset Omni FOF - Direct Growth - Direct,24-07-2019,85.03300
119777,Kotak Multi Asset Omni FOF - Direct Growth - Direct,23-07-2019,85.09300
119777,Kotak Multi Asset Omni FOF - Direct Growth - Direct,22-07-2019,85.11500
119777,Kotak Multi Asset Omni FOF - Direct Growth - Direct,19-07-2019,85.15500
119777,Kotak Multi Asset Omni FOF - Direct Growth - Direct,18-07-2019,85.26600
119777,Kotak Multi Asset Omni FOF - Direct Growth - Direct,17-07-2019,85.34900
119777,Kotak Multi Asset Omni FOF - Direct Growth - Direct,16-07-2019,85.33400
119777,Kotak Multi Asset Omni FOF - Direct Growth - Direct,15-07-2019,85.19700
119777,Kotak Multi Asset Omni FOF - Direct Growth - Direct,12-07-2019,85.11000
119777,Kotak Multi Asset Omni FOF - Direct Growth - Direct,11-07-2019,85.08600
119777,Kotak Multi Asset Omni FOF - Direct Growth - Direct,10-07-2019,84.98100
119777,Kotak Multi Asset Omni FOF - Direct Growth - Direct,09-07-2019,84.97200
119777,Kotak Multi Asset Omni FOF - Direct Growth - Direct,08-07-2019,84.93700
119777,Kotak Multi Asset Omni FOF - Direct Growth - Direct,05-07-2019,84.98200
119777,Kotak Multi Asset Omni FOF - Direct Growth - Direct,04-07-2019,84.98000
119777,Kotak Multi Asset Omni FOF - Direct Growth - Direct,03-07-2019,84.88400
119777,Kotak Multi Asset Omni FOF - Direct Growth - Direct,02-07-2019,84.83000
119777,Kotak Multi Asset Omni FOF - Direct Growth - Direct,01-07-2019,84.78000
119777,Kotak Multi Asset Omni FOF - Direct Growth - Direct,28-06-2019,84.71400
119777,Kotak Multi Asset Omni FOF - Direct Growth - Direct,27-06-2019,84.72900
119777,Kotak Multi Asset Omni FOF - Direct Growth - Direct,26-06-2019,84.67900
119777,Kotak Multi Asset Omni FOF - Direct Growth - Direct,25-06-2019,84.66700
119777,Kotak Multi Asset Omni FOF - Direct Growth - Direct,24-06-2019,84.62600
119777,Kotak Multi Asset Omni FOF - Direct Growth - Direct,21-06-2019,84.61000
119777,Kotak Multi Asset Omni FOF - Direct Growth - Direct,20-06-2019,84.69400
119777,Kotak Multi Asset Omni FOF - Direct Growth - Direct,19-06-2019,84.53600
119777,Kotak Multi Asset Omni FOF - Direct Growth - Direct,18-06-2019,84.55700
119777,Kotak Multi Asset Omni FOF - Direct Growth - Direct,17-06-2019,84.42400
119777,Kotak Multi Asset Omni FOF - Direct Growth - Direct,14-06-2019,84.49900
119777,Kotak Multi Asset Omni FOF - Direct Growth - Direct,13-06-2019,84.49600
119777,Kotak Multi Asset Omni FOF - Direct Growth - Direct,12-06-2019,84.46700
119777,Kotak Multi Asset Omni FOF - Direct Growth - Direct,11-06-2019,84.48200
119777,Kotak Multi Asset Omni FOF - Direct Growth - Direct,10-06-2019,84.43800
119777,Kotak Multi Asset Omni FOF - Direct Growth - Direct,07-06-2019,84.42000
119777,Kotak Multi Asset Omni FOF - Direct Growth - Direct,06-06-2019,84.43100
119777,Kotak Multi Asset Omni FOF - Direct Growth - Direct,04-06-2019,84.50800
119777,Kotak Multi Asset Omni FOF - Direct Growth - Direct,03-06-2019,84.52900
119777,Kotak Multi Asset Omni FOF - Direct Growth - Direct,31-05-2019,84.35000
119777,Kotak Multi Asset Omni FOF - Direct Growth - Direct,30-05-2019,84.26700
119777,Kotak Multi Asset Omni FOF - Direct Growth - Direct,29-05-2019,84.20900
119777,Kotak Multi Asset Omni FOF - Direct Growth - Direct,28-05-2019,84.23100
119777,Kotak Multi Asset Omni FOF - Direct Growth - Direct,27-05-2019,84.19800
119777,Kotak Multi Asset Omni FOF - Direct Growth - Direct,24-05-2019,83.83600
119777,Kotak Multi Asset Omni FOF - Direct Growth - Direct,23-05-2019,83.80200
119777,Kotak Multi Asset Omni FOF - Direct Growth - Direct,22-05-2019,83.75300
119777,Kotak Multi Asset Omni FOF - Direct Growth - Direct,21-05-2019,83.70000
119777,Kotak Multi Asset Omni FOF - Direct Growth - Direct,20-05-2019,83.75300
119777,Kotak Multi Asset Omni FOF - Direct Growth - Direct,17-05-2019,83.39100
119777,Kotak Multi Asset Omni FOF - Direct Growth - Direct,16-05-2019,83.24700
119777,Kotak Multi Asset Omni FOF - Direct Growth - Direct,15-05-2019,83.19400
119777,Kotak Multi Asset Omni FOF - Direct Growth - Direct,14-05-2019,83.19200
119777,Kotak Multi Asset Omni FOF - Direct Growth - Direct,13-05-2019,83.11000
119777,Kotak Multi Asset Omni FOF - Direct Growth - Direct,10-05-2019,83.16600
119777,Kotak Multi Asset Omni FOF - Direct Growth - Direct,09-05-2019,83.15200
119777,Kotak Multi Asset Omni FOF - Direct Growth - Direct,08-05-2019,83.16100
119777,Kotak Multi Asset Omni FOF - Direct Growth - Direct,07-05-2019,83.21100
119777,Kotak Multi Asset Omni FOF - Direct Growth - Direct,06-05-2019,83.24800
119777,Kotak Multi Asset Omni FOF - Direct Growth - Direct,03-05-2019,83.26500
119777,Kotak Multi Asset Omni FOF - Direct Growth - Direct,02-05-2019,83.26800
119777,Kotak Multi Asset Omni FOF - Direct Growth - Direct,30-04-2019,83.26300
119777,Kotak Multi Asset Omni FOF - Direct Growth - Direct,26-04-2019,83.21100
119777,Kotak Multi Asset Omni FOF - Direct Growth - Direct,25-04-2019,83.10900
119777,Kotak Multi Asset Omni FOF - Direct Growth - Direct,24-04-2019,83.14400
119777,Kotak Multi Asset Omni FOF - Direct Growth - Direct,23-04-2019,83.05600
119777,Kotak Multi Asset Omni FOF - Direct Growth - Direct,22-04-2019,83.06100
119777,Kotak Multi Asset Omni FOF - Direct Growth - Direct,18-04-2019,83.16500
119777,Kotak Multi Asset Omni FOF - Direct Growth - Direct,16-04-2019,83.15300
119777,Kotak Multi Asset Omni FOF - Direct Growth - Direct,15-04-2019,83.06800
119777,Kotak Multi Asset Omni FOF - Direct Growth - Direct,12-04-2019,83.01600
119777,Kotak Multi Asset Omni FOF - Direct Growth - Direct,11-04-2019,82.97500
119777,Kotak Multi Asset Omni FOF - Direct Growth - Direct,10-04-2019,82.97300
119777,Kotak Multi Asset Omni FOF - Direct Growth - Direct,09-04-2019,82.99400
119777,Kotak Multi Asset Omni FOF - Direct Growth - Direct,08-04-2019,82.95300
119777,Kotak Multi Asset Omni FOF - Direct Growth - Direct,05-04-2019,83.00800
119777,Kotak Multi Asset Omni FOF - Direct Growth - Direct,04-04-2019,82.95800
119777,Kotak Multi Asset Omni FOF - Direct Growth - Direct,03-04-2019,83.02200
119777,Kotak Multi Asset Omni FOF - Direct Growth - Direct,02-04-2019,83.08800
119777,Kotak Multi Asset Omni FOF - Direct Growth - Direct,01-04-2019,82.93000
119777,Kotak Multi Asset Omni FOF - Direct Growth - Direct,29-03-2019,82.91400
119777,Kotak Multi Asset Omni FOF - Direct Growth - Direct,28-03-2019,82.76600
119777,Kotak Multi Asset Omni FOF - Direct Growth - Direct,27-03-2019,82.62700
119777,Kotak Multi Asset Omni FOF - Direct Growth - Direct,26-03-2019,82.61400
119777,Kotak Multi Asset Omni FOF - Direct Growth - Direct,25-03-2019,82.50300
119777,Kotak Multi Asset Omni FOF - Direct Growth - Direct,22-03-2019,82.50500
119777,Kotak Multi Asset Omni FOF - Direct Growth - Direct,20-03-2019,82.49500
119777,Kotak Multi Asset Omni FOF - Direct Growth - Direct,19-03-2019,82.46800
119777,Kotak Multi Asset Omni FOF - Direct Growth - Direct,18-03-2019,82.43400
119777,Kotak Multi Asset Omni FOF - Direct Growth - Direct,15-03-2019,82.35400
119777,Kotak Multi Asset Omni FOF - Direct Growth - Direct,14-03-2019,82.27800
119777,Kotak Multi Asset Omni FOF - Direct Growth - Direct,13-03-2019,82.19500
119777,Kotak Multi Asset Omni FOF - Direct Growth - Direct,12-03-2019,82.14800
119777,Kotak Multi Asset Omni FOF - Direct Growth - Direct,11-03-2019,82.02700
119777,Kotak Multi Asset Omni FOF - Direct Growth - Direct,08-03-2019,81.88500
119777,Kotak Multi Asset Omni FOF - Direct Growth - Direct,07-03-2019,81.85100
119777,Kotak Multi Asset Omni FOF - Direct Growth - Direct,06-03-2019,81.81200
119777,Kotak Multi Asset Omni FOF - Direct Growth - Direct,05-03-2019,81.73400
119777,Kotak Multi Asset Omni FOF - Direct Growth - Direct,01-03-2019,81.55600
119777,Kotak Multi Asset Omni FOF - Direct Growth - Direct,28-02-2019,81.46400
119777,Kotak Multi Asset Omni FOF - Direct Growth - Direct,27-02-2019,81.43300
119777,Kotak Multi Asset Omni FOF - Direct Growth - Direct,26-02-2019,81.44000
119777,Kotak Multi Asset Omni FOF - Direct Growth - Direct,25-02-2019,81.45900
119777,Kotak Multi Asset Omni FOF - Direct Growth - Direct,22-02-2019,81.36100
119777,Kotak Multi Asset Omni FOF - Direct Growth - Direct,21-02-2019,81.35200
119777,Kotak Multi Asset Omni FOF - Direct Growth - Direct,20-02-2019,81.29500
119777,Kotak Multi Asset Omni FOF - Direct Growth - Direct,19-02-2019,81.19100
119777,Kotak Multi Asset Omni FOF - Direct Growth - Direct,18-02-2019,81.20600
119777,Kotak Multi Asset Omni FOF - Direct Growth - Direct,15-02-2019,81.22800
119777,Kotak Multi Asset Omni FOF - Direct Growth - Direct,14-02-2019,81.27100
119777,Kotak Multi Asset Omni FOF - Direct Growth - Direct,13-02-2019,81.28000
119777,Kotak Multi Asset Omni FOF - Direct Growth - Direct,12-02-2019,81.24500
119777,Kotak Multi Asset Omni FOF - Direct Growth - Direct,11-02-2019,81.28700
119777,Kotak Multi Asset Omni FOF - Direct Growth - Direct,08-02-2019,81.31400
119777,Kotak Multi Asset Omni FOF - Direct Growth - Direct,07-02-2019,81.35900
119777,Kotak Multi Asset Omni FOF - Direct Growth - Direct,06-02-2019,81.26300
119777,Kotak Multi Asset Omni FOF - Direct Growth - Direct,05-02-2019,81.17600
119777,Kotak Multi Asset Omni FOF - Direct Growth - Direct,04-02-2019,81.15700
119777,Kotak Multi Asset Omni FOF - Direct Growth - Direct,01-02-2019,81.14400
119777,Kotak Multi Asset Omni FOF - Direct Growth - Direct,31-01-2019,81.16500
119777,Kotak Multi Asset Omni FOF - Direct Growth - Direct,30-01-2019,81.04200
119777,Kotak Multi Asset Omni FOF - Direct Growth - Direct,29-01-2019,80.97900
119777,Kotak Multi Asset Omni FOF - Direct Growth - Direct,28-01-2019,80.97400
119777,Kotak Multi Asset Omni FOF - Direct Growth - Direct,25-01-2019,81.04000
119777,Kotak Multi Asset Omni FOF - Direct Growth - Direct,24-01-2019,81.09000
119777,Kotak Multi Asset Omni FOF - Direct Growth - Direct,23-01-2019,81.06500
119777,Kotak Multi Asset Omni FOF - Direct Growth - Direct,22-01-2019,81.09900
119777,Kotak Multi Asset Omni FOF - Direct Growth - Direct,21-01-2019,81.08000
119777,Kotak Multi Asset Omni FOF - Direct Growth - Direct,18-01-2019,81.05200
119777,Kotak Multi Asset Omni FOF - Direct Growth - Direct,17-01-2019,81.09900
119777,Kotak Multi Asset Omni FOF - Direct Growth - Direct,16-01-2019,81.07500
119777,Kotak Multi Asset Omni FOF - Direct Growth - Direct,15-01-2019,81.08300
119777,Kotak Multi Asset Omni FOF - Direct Growth - Direct,14-01-2019,81.01700
119777,Kotak Multi Asset Omni FOF - Direct Growth - Direct,11-01-2019,80.98800
119777,Kotak Multi Asset Omni FOF - Direct Growth - Direct,10-01-2019,80.99600
119777,Kotak Multi Asset Omni FOF - Direct Growth - Direct,09-01-2019,80.98100
119777,Kotak Multi Asset Omni FOF - Direct Growth - Direct,08-01-2019,80.94600
119777,Kotak Multi Asset Omni FOF - Direct Growth - Direct,07-01-2019,80.87400
119777,Kotak Multi Asset Omni FOF - Direct Growth - Direct,04-01-2019,80.83800
119777,Kotak Multi Asset Omni FOF - Direct Growth - Direct,03-01-2019,80.81600
119777,Kotak Multi Asset Omni FOF - Direct Growth - Direct,02-01-2019,80.90800
119777,Kotak Multi Asset Omni FOF - Direct Growth - Direct,01-01-2019,80.90800
119777,Kotak Multi Asset Omni FOF - Direct Growth - Direct,31-12-2018,80.88700
119777,Kotak Multi Asset Omni FOF - Direct Growth - Direct,28-12-2018,80.82900
119777,Kotak Multi Asset Omni FOF - Direct Growth - Direct,27-12-2018,80.81700
119777,Kotak Multi Asset Omni FOF - Direct Growth - Direct,26-12-2018,80.76000
119777,Kotak Multi Asset Omni FOF - Direct Growth - Direct,24-12-2018,80.67700
119777,Kotak Multi Asset Omni FOF - Direct Growth - Direct,21-12-2018,80.72400
119777,Kotak Multi Asset Omni FOF - Direct Growth - Direct,20-12-2018,80.83300
119777,Kotak Multi Asset Omni FOF - Direct Growth - Direct,19-12-2018,80.83200
119777,Kotak Multi Asset Omni FOF - Direct Growth - Direct,18-12-2018,80.67400
119777,Kotak Multi Asset Omni FOF - Direct Growth - Direct,17-12-2018,80.60200
119777,Kotak Multi Asset Omni FOF - Direct Growth - Direct,14-12-2018,80.49800
119777,Kotak Multi Asset Omni FOF - Direct Growth - Direct,13-12-2018,80.48800
119777,Kotak Multi Asset Omni FOF - Direct Growth - Direct,12-12-2018,80.42600
119777,Kotak Multi Asset Omni FOF - Direct Growth - Direct,11-12-2018,80.23100
119777,Kotak Multi Asset Omni FOF - Direct Growth - Direct,10-12-2018,80.16900
119777,Kotak Multi Asset Omni FOF - Direct Growth - Direct,07-12-2018,80.33300
119777,Kotak Multi Asset Omni FOF - Direct Growth - Direct,06-12-2018,80.30400
119777,Kotak Multi Asset Omni FOF - Direct Growth - Direct,05-12-2018,80.35700
119777,Kotak Multi Asset Omni FOF - Direct Growth - Direct,04-12-2018,80.33000
119777,Kotak Multi Asset Omni FOF - Direct Growth - Direct,03-12-2018,80.30600
119777,Kotak Multi Asset Omni FOF - Direct Growth - Direct,30-11-2018,80.26600
119777,Kotak Multi Asset Omni FOF - Direct Growth - Direct,29-11-2018,80.21400
119777,Kotak Multi Asset Omni FOF - Direct Growth - Direct,28-11-2018,80.10400
119777,Kotak Multi Asset Omni FOF - Direct Growth - Direct,27-11-2018,80.05400
119777,Kotak Multi Asset Omni FOF - Direct Growth - Direct,26-11-2018,79.99600
119777,Kotak Multi Asset Omni FOF - Direct Growth - Direct,22-11-2018,79.87800
119777,Kotak Multi Asset Omni FOF - Direct Growth - Direct,21-11-2018,79.87000
119777,Kotak Multi Asset Omni FOF - Direct Growth - Direct,20-11-2018,79.88900
119777,Kotak Multi Asset Omni FOF - Direct Growth - Direct,19-11-2018,79.91700
119777,Kotak Multi Asset Omni FOF - Direct Growth - Direct,16-11-2018,79.83400
119777,Kotak Multi Asset Omni FOF - Direct Growth - Direct,15-11-2018,79.79900
119777,Kotak Multi Asset Omni FOF - Direct Growth - Direct,14-11-2018,79.73100
119777,Kotak Multi Asset Omni FOF - Direct Growth - Direct,13-11-2018,79.68800
119777,Kotak Multi Asset Omni FOF - Direct Growth - Direct,12-11-2018,79.60500
119777,Kotak Multi Asset Omni FOF - Direct Growth - Direct,09-11-2018,79.65100
119777,Kotak Multi Asset Omni FOF - Direct Growth - Direct,06-11-2018,79.55500
119777,Kotak Multi Asset Omni FOF - Direct Growth - Direct,05-11-2018,79.54900
119777,Kotak Multi Asset Omni FOF - Direct Growth - Direct,02-11-2018,79.50700
119777,Kotak Multi Asset Omni FOF - Direct Growth - Direct,01-11-2018,79.38300
119777,Kotak Multi Asset Omni FOF - Direct Growth - Direct,31-10-2018,79.31900
119777,Kotak Multi Asset Omni FOF - Direct Growth - Direct,30-10-2018,79.18300
119777,Kotak Multi Asset Omni FOF - Direct Growth - Direct,29-10-2018,79.18200
119777,Kotak Multi Asset Omni FOF - Direct Growth - Direct,26-10-2018,78.97400
119777,Kotak Multi Asset Omni FOF - Direct Growth - Direct,25-10-2018,78.99200
119777,Kotak Multi Asset Omni FOF - Direct Growth - Direct,24-10-2018,79.04000
119777,Kotak Multi Asset Omni FOF - Direct Growth - Direct,23-10-2018,78.97800
119777,Kotak Multi Asset Omni FOF - Direct Growth - Direct,22-10-2018,79.03300
119777,Kotak Multi Asset Omni FOF - Direct Growth - Direct,19-10-2018,79.06000
119777,Kotak Multi Asset Omni FOF - Direct Growth - Direct,17-10-2018,79.14000
119777,Kotak Multi Asset Omni FOF - Direct Growth - Direct,16-10-2018,79.25400
119777,Kotak Multi Asset Omni FOF - Direct Growth - Direct,15-10-2018,79.15200
119777,Kotak Multi Asset Omni FOF - Direct Growth - Direct,12-10-2018,79.09400
119777,Kotak Multi Asset Omni FOF - Direct Growth - Direct,11-10-2018,78.92100
119777,Kotak Multi Asset Omni FOF - Direct Growth - Direct,10-10-2018,79.04500
119777,Kotak Multi Asset Omni FOF - Direct Growth - Direct,09-10-2018,78.86900
119777,Kotak Multi Asset Omni FOF - Direct Growth - Direct,08-10-2018,78.91300
119777,Kotak Multi Asset Omni FOF - Direct Growth - Direct,05-10-2018,78.85900
119777,Kotak Multi Asset Omni FOF - Direct Growth - Direct,04-10-2018,78.94100
119777,Kotak Multi Asset Omni FOF - Direct Growth - Direct,03-10-2018,79.10600
119777,Kotak Multi Asset Omni FOF - Direct Growth - Direct,01-10-2018,79.21300
119777,Kotak Multi Asset Omni FOF - Direct Growth - Direct,28-09-2018,79.13400
119777,Kotak Multi Asset Omni FOF - Direct Growth - Direct,27-09-2018,79.15300
119777,Kotak Multi Asset Omni FOF - Direct Growth - Direct,26-09-2018,79.14100
119777,Kotak Multi Asset Omni FOF - Direct Growth - Direct,25-09-2018,79.09500
119777,Kotak Multi Asset Omni FOF - Direct Growth - Direct,24-09-2018,79.10500
119777,Kotak Multi Asset Omni FOF - Direct Growth - Direct,21-09-2018,79.29300
119777,Kotak Multi Asset Omni FOF - Direct Growth - Direct,19-09-2018,79.31800
119777,Kotak Multi Asset Omni FOF - Direct Growth - Direct,18-09-2018,79.35200
119777,Kotak Multi Asset Omni FOF - Direct Growth - Direct,17-09-2018,79.42800
119777,Kotak Multi Asset Omni FOF - Direct Growth - Direct,14-09-2018,79.50000
119777,Kotak Multi Asset Omni FOF - Direct Growth - Direct,12-09-2018,79.37500
119777,Kotak Multi Asset Omni FOF - Direct Growth - Direct,11-09-2018,79.30800
119777,Kotak Multi Asset Omni FOF - Direct Growth - Direct,10-09-2018,79.40700
119777,Kotak Multi Asset Omni FOF - Direct Growth - Direct,07-09-2018,79.51500
119777,Kotak Multi Asset Omni FOF - Direct Growth - Direct,06-09-2018,79.42800
119777,Kotak Multi Asset Omni FOF - Direct Growth - Direct,05-09-2018,79.39400
119777,Kotak Multi Asset Omni FOF - Direct Growth - Direct,04-09-2018,79.45500
119777,Kotak Multi Asset Omni FOF - Direct Growth - Direct,03-09-2018,79.55900
119777,Kotak Multi Asset Omni FOF - Direct Growth - Direct,31-08-2018,79.59600
119777,Kotak Multi Asset Omni FOF - Direct Growth - Direct,30-08-2018,79.55400
119777,Kotak Multi Asset Omni FOF - Direct Growth - Direct,29-08-2018,79.56900
119777,Kotak Multi Asset Omni FOF - Direct Growth - Direct,28-08-2018,79.56000
119777,Kotak Multi Asset Omni FOF - Direct Growth - Direct,27-08-2018,79.54300
119777,Kotak Multi Asset Omni FOF - Direct Growth - Direct,24-08-2018,79.42600
119777,Kotak Multi Asset Omni FOF - Direct Growth - Direct,23-08-2018,79.43400
119777,Kotak Multi Asset Omni FOF - Direct Growth - Direct,21-08-2018,79.41200
119777,Kotak Multi Asset Omni FOF - Direct Growth - Direct,20-08-2018,79.37900
119777,Kotak Multi Asset Omni FOF - Direct Growth - Direct,17-08-2018,79.26800
119777,Kotak Multi Asset Omni FOF - Direct Growth - Direct,16-08-2018,79.22100
119777,Kotak Multi Asset Omni FOF - Direct Growth - Direct,14-08-2018,79.22800
119777,Kotak Multi Asset Omni FOF - Direct Growth - Direct,13-08-2018,79.17700
119777,Kotak Multi Asset Omni FOF - Direct Growth - Direct,10-08-2018,79.21600
119777,Kotak Multi Asset Omni FOF - Direct Growth - Direct,09-08-2018,79.23300
119777,Kotak Multi Asset Omni FOF - Direct Growth - Direct,08-08-2018,79.18900
119777,Kotak Multi Asset Omni FOF - Direct Growth - Direct,07-08-2018,79.14700
119777,Kotak Multi Asset Omni FOF - Direct Growth - Direct,06-08-2018,79.15900
119777,Kotak Multi Asset Omni FOF - Direct Growth - Direct,03-08-2018,79.11000
119777,Kotak Multi Asset Omni FOF - Direct Growth - Direct,02-08-2018,79.06000
119777,Kotak Multi Asset Omni FOF - Direct Growth - Direct,01-08-2018,79.07800
119777,Kotak Multi Asset Omni FOF - Direct Growth - Direct,31-07-2018,79.04200
119777,Kotak Multi Asset Omni FOF - Direct Growth - Direct,30-07-2018,78.98600
119777,Kotak Multi Asset Omni FOF - Direct Growth - Direct,27-07-2018,78.93900
119777,Kotak Multi Asset Omni FOF - Direct Growth - Direct,26-07-2018,78.87000
119777,Kotak Multi Asset Omni FOF - Direct Growth - Direct,25-07-2018,78.81600
119777,Kotak Multi Asset Omni FOF - Direct Growth - Direct,24-07-2018,78.80800
119777,Kotak Multi Asset Omni FOF - Direct Growth - Direct,23-07-2018,78.73200
119777,Kotak Multi Asset Omni FOF - Direct Growth - Direct,20-07-2018,78.66300
119777,Kotak Multi Asset Omni FOF - Direct Growth - Direct,19-07-2018,78.58600
119777,Kotak Multi Asset Omni FOF - Direct Growth - Direct,18-07-2018,78.60200
119777,Kotak Multi Asset Omni FOF - Direct Growth - Direct,17-07-2018,78.61700
119777,Kotak Multi Asset Omni FOF - Direct Growth - Direct,16-07-2018,78.52200
119777,Kotak Multi Asset Omni FOF - Direct Growth - Direct,13-07-2018,78.57300
119777,Kotak Multi Asset Omni FOF - Direct Growth - Direct,12-07-2018,78.58000
119777,Kotak Multi Asset Omni FOF - Direct Growth - Direct,11-07-2018,78.49400
119777,Kotak Multi Asset Omni FOF - Direct Growth - Direct,10-07-2018,78.50200
119777,Kotak Multi Asset Omni FOF - Direct Growth - Direct,09-07-2018,78.43100
119777,Kotak Multi Asset Omni FOF - Direct Growth - Direct,06-07-2018,78.34200
119777,Kotak Multi Asset Omni FOF - Direct Growth - Direct,05-07-2018,78.29300
119777,Kotak Multi Asset Omni FOF - Direct Growth - Direct,04-07-2018,78.30900
119777,Kotak Multi Asset Omni FOF - Direct Growth - Direct,03-07-2018,78.22500
119777,Kotak Multi Asset Omni FOF - Direct Growth - Direct,02-07-2018,78.17100
119777,Kotak Multi Asset Omni FOF - Direct Growth - Direct,29-06-2018,78.16200
119777,Kotak Multi Asset Omni FOF - Direct Growth - Direct,28-06-2018,78.03900
119777,Kotak Multi Asset Omni FOF - Direct Growth - Direct,27-06-2018,78.12200
119777,Kotak Multi Asset Omni FOF - Direct Growth - Direct,26-06-2018,78.21400
119777,Kotak Multi Asset Omni FOF - Direct Growth - Direct,25-06-2018,78.19300
119777,Kotak Multi Asset Omni FOF - Direct Growth - Direct,22-06-2018,78.19400
119777,Kotak Multi Asset Omni FOF - Direct Growth - Direct,21-06-2018,78.13900
119777,Kotak Multi Asset Omni FOF - Direct Growth - Direct,20-06-2018,78.12300
119777,Kotak Multi Asset Omni FOF - Direct Growth - Direct,19-06-2018,78.06700
119777,Kotak Multi Asset Omni FOF - Direct Growth - Direct,18-06-2018,78.09900
119777,Kotak Multi Asset Omni FOF - Direct Growth - Direct,15-06-2018,78.06700
119777,Kotak Multi Asset Omni FOF - Direct Growth - Direct,14-06-2018,78.05600
119777,Kotak Multi Asset Omni FOF - Direct Growth - Direct,13-06-2018,78.06800
119777,Kotak Multi Asset Omni FOF - Direct Growth - Direct,12-06-2018,78.04000
119777,Kotak Multi Asset Omni FOF - Direct Growth - Direct,11-06-2018,77.97500
119777,Kotak Multi Asset Omni FOF - Direct Growth - Direct,08-06-2018,77.93700
119777,Kotak Multi Asset Omni FOF - Direct Growth - Direct,07-06-2018,77.90000
119777,Kotak Multi Asset Omni FOF - Direct Growth - Direct,06-06-2018,77.86800
119777,Kotak Multi Asset Omni FOF - Direct Growth - Direct,05-06-2018,77.80300
119777,Kotak Multi Asset Omni FOF - Direct Growth - Direct,04-06-2018,77.79700
119777,Kotak Multi Asset Omni FOF - Direct Growth - Direct,01-06-2018,77.83200
119777,Kotak Multi Asset Omni FOF - Direct Growth - Direct,31-05-2018,77.88500
119777,Kotak Multi Asset Omni FOF - Direct Growth - Direct,30-05-2018,77.85700
119777,Kotak Multi Asset Omni FOF - Direct Growth - Direct,29-05-2018,77.84200
119777,Kotak Multi Asset Omni FOF - Direct Growth - Direct,28-05-2018,77.84600
119777,Kotak Multi Asset Omni FOF - Direct Growth - Direct,25-05-2018,77.69900
119777,Kotak Multi Asset Omni FOF - Direct Growth - Direct,24-05-2018,77.57000
119777,Kotak Multi Asset Omni FOF - Direct Growth - Direct,23-05-2018,77.53600
119777,Kotak Multi Asset Omni FOF - Direct Growth - Direct,22-05-2018,77.59300
119777,Kotak Multi Asset Omni FOF - Direct Growth - Direct,21-05-2018,77.55900
119777,Kotak Multi Asset Omni FOF - Direct Growth - Direct,18-05-2018,77.61200
119777,Kotak Multi Asset Omni FOF - Direct Growth - Direct,17-05-2018,77.65900
119777,Kotak Multi Asset Omni FOF - Direct Growth - Direct,16-05-2018,77.66600
119777,Kotak Multi Asset Omni FOF - Direct Growth - Direct,15-05-2018,77.72000
119777,Kotak Multi Asset Omni FOF - Direct Growth - Direct,14-05-2018,77.77800
119777,Kotak Multi Asset Omni FOF - Direct Growth - Direct,11-05-2018,77.76900
119777,Kotak Multi Asset Omni FOF - Direct Growth - Direct,10-05-2018,77.70000
119777,Kotak Multi Asset Omni FOF - Direct Growth - Direct,09-05-2018,77.74100
119777,Kotak Multi Asset Omni FOF - Direct Growth - Direct,08-05-2018,77.79000
119777,Kotak Multi Asset Omni FOF - Direct Growth - Direct,07-05-2018,77.75600
119777,Kotak Multi Asset Omni FOF - Direct Growth - Direct,04-05-2018,77.63600
119777,Kotak Multi Asset Omni FOF - Direct Growth - Direct,03-05-2018,77.65000
119777,Kotak Multi Asset Omni FOF - Direct Growth - Direct,02-05-2018,77.68200
119777,Kotak Multi Asset Omni FOF - Direct Growth - Direct,30-04-2018,77.66200
119777,Kotak Multi Asset Omni FOF - Direct Growth - Direct,27-04-2018,77.65000
119777,Kotak Multi Asset Omni FOF - Direct Growth - Direct,26-04-2018,77.59200
119777,Kotak Multi Asset Omni FOF - Direct Growth - Direct,25-04-2018,77.60300
119777,Kotak Multi Asset Omni FOF - Direct Growth - Direct,24-04-2018,77.66500
119777,Kotak Multi Asset Omni FOF - Direct Growth - Direct,23-04-2018,77.60200
119777,Kotak Multi Asset Omni FOF - Direct Growth - Direct,20-04-2018,77.57600
119777,Kotak Multi Asset Omni FOF - Direct Growth - Direct,19-04-2018,77.64600
119777,Kotak Multi Asset Omni FOF - Direct Growth - Direct,18-04-2018,77.68100
119777,Kotak Multi Asset Omni FOF - Direct Growth - Direct,17-04-2018,77.71200
119777,Kotak Multi Asset Omni FOF - Direct Growth - Direct,16-04-2018,77.69900
119777,Kotak Multi Asset Omni FOF - Direct Growth - Direct,13-04-2018,77.64600
119777,Kotak Multi Asset Omni FOF - Direct Growth - Direct,12-04-2018,77.62100
119777,Kotak Multi Asset Omni FOF - Direct Growth - Direct,11-04-2018,77.58600
119777,Kotak Multi Asset Omni FOF - Direct Growth - Direct,10-04-2018,77.65300
119777,Kotak Multi Asset Omni FOF - Direct Growth - Direct,09-04-2018,77.69000
119777,Kotak Multi Asset Omni FOF - Direct Growth - Direct,06-04-2018,77.66000
119777,Kotak Multi Asset Omni FOF - Direct Growth - Direct,05-04-2018,77.64100
119777,Kotak Multi Asset Omni FOF - Direct Growth - Direct,04-04-2018,77.40500
119777,Kotak Multi Asset Omni FOF - Direct Growth - Direct,03-04-2018,77.44200
119777,Kotak Multi Asset Omni FOF - Direct Growth - Direct,02-04-2018,77.31900
119777,Kotak Multi Asset Omni FOF - Direct Growth - Direct,28-03-2018,77.21600
119777,Kotak Multi Asset Omni FOF - Direct Growth - Direct,27-03-2018,77.19900
119777,Kotak Multi Asset Omni FOF - Direct Growth - Direct,26-03-2018,76.96900
119777,Kotak Multi Asset Omni FOF - Direct Growth - Direct,23-03-2018,76.86900
119777,Kotak Multi Asset Omni FOF - Direct Growth - Direct,22-03-2018,76.93000
119777,Kotak Multi Asset Omni FOF - Direct Growth - Direct,21-03-2018,76.94400
119777,Kotak Multi Asset Omni FOF - Direct Growth - Direct,20-03-2018,76.90200
119777,Kotak Multi Asset Omni FOF - Direct Growth - Direct,19-03-2018,76.88000
119777,Kotak Multi Asset Omni FOF - Direct Growth - Direct,16-03-2018,76.93000
119777,Kotak Multi Asset Omni FOF - Direct Growth - Direct,15-03-2018,76.97800
119777,Kotak Multi Asset Omni FOF - Direct Growth - Direct,14-03-2018,76.95700
119777,Kotak Multi Asset Omni FOF - Direct Growth - Direct,13-03-2018,76.95600
119777,Kotak Multi Asset Omni FOF - Direct Growth - Direct,12-03-2018,76.91100
119777,Kotak Multi Asset Omni FOF - Direct Growth - Direct,09-03-2018,76.74100
119777,Kotak Multi Asset Omni FOF - Direct Growth - Direct,08-03-2018,76.74300
119777,Kotak Multi Asset Omni FOF - Direct Growth - Direct,07-03-2018,76.65000
119777,Kotak Multi Asset Omni FOF - Direct Growth - Direct,06-03-2018,76.65000
119777,Kotak Multi Asset Omni FOF - Direct Growth - Direct,05-03-2018,76.70000
119777,Kotak Multi Asset Omni FOF - Direct Growth - Direct,01-03-2018,76.72500
119777,Kotak Multi Asset Omni FOF - Direct Growth - Direct,28-02-2018,76.76100
119777,Kotak Multi Asset Omni FOF - Direct Growth - Direct,27-02-2018,76.81000
119777,Kotak Multi Asset Omni FOF - Direct Growth - Direct,26-02-2018,76.81400
119777,Kotak Multi Asset Omni FOF - Direct Growth - Direct,23-02-2018,76.70400
119777,Kotak Multi Asset Omni FOF - Direct Growth - Direct,22-02-2018,76.56700
119777,Kotak Multi Asset Omni FOF - Direct Growth - Direct,21-02-2018,76.62100
119777,Kotak Multi Asset Omni FOF - Direct Growth - Direct,20-02-2018,76.62600
119777,Kotak Multi Asset Omni FOF - Direct Growth - Direct,19-02-2018,76.66400
119777,Kotak Multi Asset Omni FOF - Direct Growth - Direct,16-02-2018,76.72200
119777,Kotak Multi Asset Omni FOF - Direct Growth - Direct,15-02-2018,76.80400
119777,Kotak Multi Asset Omni FOF - Direct Growth - Direct,14-02-2018,76.82700
119777,Kotak Multi Asset Omni FOF - Direct Growth - Direct,12-02-2018,76.82000
119777,Kotak Multi Asset Omni FOF - Direct Growth - Direct,09-02-2018,76.70200
119777,Kotak Multi Asset Omni FOF - Direct Growth - Direct,08-02-2018,76.77300
119777,Kotak Multi Asset Omni FOF - Direct Growth - Direct,07-02-2018,76.65200
119777,Kotak Multi Asset Omni FOF - Direct Growth - Direct,06-02-2018,76.60000
119777,Kotak Multi Asset Omni FOF - Direct Growth - Direct,05-02-2018,76.66100
119777,Kotak Multi Asset Omni FOF - Direct Growth - Direct,02-02-2018,76.70600
119777,Kotak Multi Asset Omni FOF - Direct Growth - Direct,01-02-2018,76.93000
119777,Kotak Multi Asset Omni FOF - Direct Growth - Direct,31-01-2018,76.98600
119777,Kotak Multi Asset Omni FOF - Direct Growth - Direct,30-01-2018,76.98100
119777,Kotak Multi Asset Omni FOF - Direct Growth - Direct,29-01-2018,77.00800
119777,Kotak Multi Asset Omni FOF - Direct Growth - Direct,25-01-2018,77.02300
119777,Kotak Multi Asset Omni FOF - Direct Growth - Direct,24-01-2018,77.05800
119777,Kotak Multi Asset Omni FOF - Direct Growth - Direct,23-01-2018,77.08200
119777,Kotak Multi Asset Omni FOF - Direct Growth - Direct,22-01-2018,76.98300
119777,Kotak Multi Asset Omni FOF - Direct Growth - Direct,19-01-2018,76.91700
119777,Kotak Multi Asset Omni FOF - Direct Growth - Direct,18-01-2018,76.87200
119777,Kotak Multi Asset Omni FOF - Direct Growth - Direct,17-01-2018,76.88800
119777,Kotak Multi Asset Omni FOF - Direct Growth - Direct,16-01-2018,76.75200
119777,Kotak Multi Asset Omni FOF - Direct Growth - Direct,15-01-2018,76.88300
119777,Kotak Multi Asset Omni FOF - Direct Growth - Direct,12-01-2018,76.82400
119777,Kotak Multi Asset Omni FOF - Direct Growth - Direct,11-01-2018,76.81300
119777,Kotak Multi Asset Omni FOF - Direct Growth - Direct,10-01-2018,76.81200
119777,Kotak Multi Asset Omni FOF - Direct Growth - Direct,09-01-2018,76.87400
119777,Kotak Multi Asset Omni FOF - Direct Growth - Direct,08-01-2018,76.90000
119777,Kotak Multi Asset Omni FOF - Direct Growth - Direct,05-01-2018,76.82100
119777,Kotak Multi Asset Omni FOF - Direct Growth - Direct,04-01-2018,76.68900
119777,Kotak Multi Asset Omni FOF - Direct Growth - Direct,03-01-2018,76.66200
119777,Kotak Multi Asset Omni FOF - Direct Growth - Direct,02-01-2018,76.63400
119777,Kotak Multi Asset Omni FOF - Direct Growth - Direct,01-01-2018,76.66400
119777,Kotak Multi Asset Omni FOF - Direct Growth - Direct,29-12-2017,76.66300
119777,Kotak Multi Asset Omni FOF - Direct Growth - Direct,28-12-2017,76.57200
119777,Kotak Multi Asset Omni FOF - Direct Growth - Direct,27-12-2017,76.69700
119777,Kotak Multi Asset Omni FOF - Direct Growth - Direct,26-12-2017,76.70800
119777,Kotak Multi Asset Omni FOF - Direct Growth - Direct,22-12-2017,76.65900
119777,Kotak Multi Asset Omni FOF - Direct Growth - Direct,21-12-2017,76.65400
119777,Kotak Multi Asset Omni FOF - Direct Growth - Direct,20-12-2017,76.66200
119777,Kotak Multi Asset Omni FOF - Direct Growth - Direct,19-12-2017,76.66700
119777,Kotak Multi Asset Omni FOF - Direct Growth - Direct,18-12-2017,76.58800
119777,Kotak Multi Asset Omni FOF - Direct Growth - Direct,15-12-2017,76.52600
119777,Kotak Multi Asset Omni FOF - Direct Growth - Direct,14-12-2017,76.46200
119777,Kotak Multi Asset Omni FOF - Direct Growth - Direct,13-12-2017,76.41100
119777,Kotak Multi Asset Omni FOF - Direct Growth - Direct,12-12-2017,76.44500
119777,Kotak Multi Asset Omni FOF - Direct Growth - Direct,11-12-2017,76.51100
119777,Kotak Multi Asset Omni FOF - Direct Growth - Direct,08-12-2017,76.51900
119777,Kotak Multi Asset Omni FOF - Direct Growth - Direct,07-12-2017,76.48400
119777,Kotak Multi Asset Omni FOF - Direct Growth - Direct,06-12-2017,76.37900
119777,Kotak Multi Asset Omni FOF - Direct Growth - Direct,05-12-2017,76.40000
119777,Kotak Multi Asset Omni FOF - Direct Growth - Direct,04-12-2017,76.37200
119777,Kotak Multi Asset Omni FOF - Direct Growth - Direct,01-12-2017,76.37200
119777,Kotak Multi Asset Omni FOF - Direct Growth - Direct,30-11-2017,76.43900
119777,Kotak Multi Asset Omni FOF - Direct Growth - Direct,29-11-2017,76.53300
119777,Kotak Multi Asset Omni FOF - Direct Growth - Direct,28-11-2017,76.52700
119777,Kotak Multi Asset Omni FOF - Direct Growth - Direct,27-11-2017,76.50700
119777,Kotak Multi Asset Omni FOF - Direct Growth - Direct,24-11-2017,76.49000
119777,Kotak Multi Asset Omni FOF - Direct Growth - Direct,23-11-2017,76.44500
119777,Kotak Multi Asset Omni FOF - Direct Growth - Direct,22-11-2017,76.45100
119777,Kotak Multi Asset Omni FOF - Direct Growth - Direct,21-11-2017,76.48200
119777,Kotak Multi Asset Omni FOF - Direct Growth - Direct,20-11-2017,76.45300
119777,Kotak Multi Asset Omni FOF - Direct Growth - Direct,17-11-2017,76.31800
119777,Kotak Multi Asset Omni FOF - Direct Growth - Direct,16-11-2017,76.22900
119777,Kotak Multi Asset Omni FOF - Direct Growth - Direct,15-11-2017,76.20600
119777,Kotak Multi Asset Omni FOF - Direct Growth - Direct,14-11-2017,76.23100
119777,Kotak Multi Asset Omni FOF - Direct Growth - Direct,13-11-2017,76.32100
119777,Kotak Multi Asset Omni FOF - Direct Growth - Direct,10-11-2017,76.35800
119777,Kotak Multi Asset Omni FOF - Direct Growth - Direct,09-11-2017,76.35400
119777,Kotak Multi Asset Omni FOF - Direct Growth - Direct,08-11-2017,76.32600
119777,Kotak Multi Asset Omni FOF - Direct Growth - Direct,07-11-2017,76.38800
119777,Kotak Multi Asset Omni FOF - Direct Growth - Direct,06-11-2017,76.46700
119777,Kotak Multi Asset Omni FOF - Direct Growth - Direct,03-11-2017,76.45600
119777,Kotak Multi Asset Omni FOF - Direct Growth - Direct,02-11-2017,76.40900
119777,Kotak Multi Asset Omni FOF - Direct Growth - Direct,01-11-2017,76.40200
119777,Kotak Multi Asset Omni FOF - Direct Growth - Direct,31-10-2017,76.34800
119777,Kotak Multi Asset Omni FOF - Direct Growth - Direct,30-10-2017,76.32400
119777,Kotak Multi Asset Omni FOF - Direct Growth - Direct,27-10-2017,76.29200
119777,Kotak Multi Asset Omni FOF - Direct Growth - Direct,26-10-2017,76.28400
119777,Kotak Multi Asset Omni FOF - Direct Growth - Direct,25-10-2017,76.22400
119777,Kotak Multi Asset Omni FOF - Direct Growth - Direct,24-10-2017,76.15200
119777,Kotak Multi Asset Omni FOF - Direct Growth - Direct,23-10-2017,76.12600
119777,Kotak Multi Asset Omni FOF - Direct Growth - Direct,18-10-2017,76.11000
119777,Kotak Multi Asset Omni FOF - Direct Growth - Direct,17-10-2017,76.09300
119777,Kotak Multi Asset Omni FOF - Direct Growth - Direct,16-10-2017,76.09600
119777,Kotak Multi Asset Omni FOF - Direct Growth - Direct,13-10-2017,76.04000
119777,Kotak Multi Asset Omni FOF - Direct Growth - Direct,12-10-2017,75.98200
119777,Kotak Multi Asset Omni FOF - Direct Growth - Direct,11-10-2017,75.90800
119777,Kotak Multi Asset Omni FOF - Direct Growth - Direct,10-10-2017,75.90500
119777,Kotak Multi Asset Omni FOF - Direct Growth - Direct,09-10-2017,75.84100
119777,Kotak Multi Asset Omni FOF - Direct Growth - Direct,06-10-2017,75.83700
119777,Kotak Multi Asset Omni FOF - Direct Growth - Direct,05-10-2017,75.79200
119777,Kotak Multi Asset Omni FOF - Direct Growth - Direct,04-10-2017,75.82900
119777,Kotak Multi Asset Omni FOF - Direct Growth - Direct,03-10-2017,75.83000
119777,Kotak Multi Asset Omni FOF - Direct Growth - Direct,29-09-2017,75.70400
119777,Kotak Multi Asset Omni FOF - Direct Growth - Direct,28-09-2017,75.64500
119777,Kotak Multi Asset Omni FOF - Direct Growth - Direct,27-09-2017,75.59200
119777,Kotak Multi Asset Omni FOF - Direct Growth - Direct,26-09-2017,75.69700
119777,Kotak Multi Asset Omni FOF - Direct Growth - Direct,25-09-2017,75.72300
119777,Kotak Multi Asset Omni FOF - Direct Growth - Direct,22-09-2017,75.73500
119777,Kotak Multi Asset Omni FOF - Direct Growth - Direct,21-09-2017,75.87700
119777,Kotak Multi Asset Omni FOF - Direct Growth - Direct,20-09-2017,75.99200
119777,Kotak Multi Asset Omni FOF - Direct Growth - Direct,19-09-2017,75.99700
119777,Kotak Multi Asset Omni FOF - Direct Growth - Direct,18-09-2017,75.97700
119777,Kotak Multi Asset Omni FOF - Direct Growth - Direct,15-09-2017,75.93100
119777,Kotak Multi Asset Omni FOF - Direct Growth - Direct,14-09-2017,75.95800
119777,Kotak Multi Asset Omni FOF - Direct Growth - Direct,13-09-2017,75.94300
119777,Kotak Multi Asset Omni FOF - Direct Growth - Direct,12-09-2017,75.98500
119777,Kotak Multi Asset Omni FOF - Direct Growth - Direct,11-09-2017,75.93200
119777,Kotak Multi Asset Omni FOF - Direct Growth - Direct,08-09-2017,75.84200
119777,Kotak Multi Asset Omni FOF - Direct Growth - Direct,07-09-2017,75.85000
119777,Kotak Multi Asset Omni FOF - Direct Growth - Direct,06-09-2017,75.81900
119777,Kotak Multi Asset Omni FOF - Direct Growth - Direct,05-09-2017,75.81800
119777,Kotak Multi Asset Omni FOF - Direct Growth - Direct,04-09-2017,75.76500
119777,Kotak Multi Asset Omni FOF - Direct Growth - Direct,01-09-2017,75.79100
119777,Kotak Multi Asset Omni FOF - Direct Growth - Direct,31-08-2017,75.68700
119777,Kotak Multi Asset Omni FOF - Direct Growth - Direct,30-08-2017,75.64400
119777,Kotak Multi Asset Omni FOF - Direct Growth - Direct,29-08-2017,75.56200
119777,Kotak Multi Asset Omni FOF - Direct Growth - Direct,28-08-2017,75.59200
119777,Kotak Multi Asset Omni FOF - Direct Growth - Direct,24-08-2017,75.53200
119777,Kotak Multi Asset Omni FOF - Direct Growth - Direct,23-08-2017,75.51900
119777,Kotak Multi Asset Omni FOF - Direct Growth - Direct,22-08-2017,75.44800
119777,Kotak Multi Asset Omni FOF - Direct Growth - Direct,21-08-2017,75.45100
119777,Kotak Multi Asset Omni FOF - Direct Growth - Direct,18-08-2017,75.49500
119777,Kotak Multi Asset Omni FOF - Direct Growth - Direct,17-08-2017,75.47800
119777,Kotak Multi Asset Omni FOF - Direct Growth - Direct,16-08-2017,75.48200
119777,Kotak Multi Asset Omni FOF - Direct Growth - Direct,14-08-2017,75.40800
119777,Kotak Multi Asset Omni FOF - Direct Growth - Direct,11-08-2017,75.29800
119777,Kotak Multi Asset Omni FOF - Direct Growth - Direct,10-08-2017,75.32600
119777,Kotak Multi Asset Omni FOF - Direct Growth - Direct,09-08-2017,75.45000
119777,Kotak Multi Asset Omni FOF - Direct Growth - Direct,08-08-2017,75.53600
119777,Kotak Multi Asset Omni FOF - Direct Growth - Direct,07-08-2017,75.59800
119777,Kotak Multi Asset Omni FOF - Direct Growth - Direct,04-08-2017,75.54200
119777,Kotak Multi Asset Omni FOF - Direct Growth - Direct,03-08-2017,75.50400
119777,Kotak Multi Asset Omni FOF - Direct Growth - Direct,02-08-2017,75.47700
119777,Kotak Multi Asset Omni FOF - Direct Growth - Direct,01-08-2017,75.49900
119777,Kotak Multi Asset Omni FOF - Direct Growth - Direct,31-07-2017,75.45800
119777,Kotak Multi Asset Omni FOF - Direct Growth - Direct,28-07-2017,75.37800
119777,Kotak Multi Asset Omni FOF - Direct Growth - Direct,27-07-2017,75.38100
119777,Kotak Multi Asset Omni FOF - Direct Growth - Direct,26-07-2017,75.35500
119777,Kotak Multi Asset Omni FOF - Direct Growth - Direct,25-07-2017,75.33100
119777,Kotak Multi Asset Omni FOF - Direct Growth - Direct,24-07-2017,75.34100
119777,Kotak Multi Asset Omni FOF - Direct Growth - Direct,21-07-2017,75.27100
119777,Kotak Multi Asset Omni FOF - Direct Growth - Direct,20-07-2017,75.20100
119777,Kotak Multi Asset Omni FOF - Direct Growth - Direct,19-07-2017,75.22400
119777,Kotak Multi Asset Omni FOF - Direct Growth - Direct,18-07-2017,75.15300
119777,Kotak Multi Asset Omni FOF - Direct Growth - Direct,17-07-2017,75.20100
119777,Kotak Multi Asset Omni FOF - Direct Growth - Direct,14-07-2017,75.16300
119777,Kotak Multi Asset Omni FOF - Direct Growth - Direct,13-07-2017,75.13400
119777,Kotak Multi Asset Omni FOF - Direct Growth - Direct,12-07-2017,75.04700
119777,Kotak Multi Asset Omni FOF - Direct Growth - Direct,11-07-2017,74.98700
119777,Kotak Multi Asset Omni FOF - Direct Growth - Direct,10-07-2017,74.98500
119777,Kotak Multi Asset Omni FOF - Direct Growth - Direct,07-07-2017,74.82400
119777,Kotak Multi Asset Omni FOF - Direct Growth - Direct,06-07-2017,74.81200
119777,Kotak Multi Asset Omni FOF - Direct Growth - Direct,05-07-2017,74.75400
119777,Kotak Multi Asset Omni FOF - Direct Growth - Direct,04-07-2017,74.69600
119777,Kotak Multi Asset Omni FOF - Direct Growth - Direct,03-07-2017,74.69400
119777,Kotak Multi Asset Omni FOF - Direct Growth - Direct,30-06-2017,74.67700
119777,Kotak Multi Asset Omni FOF - Direct Growth - Direct,29-06-2017,74.64700
119777,Kotak Multi Asset Omni FOF - Direct Growth - Direct,28-06-2017,74.61600
119777,Kotak Multi Asset Omni FOF - Direct Growth - Direct,27-06-2017,74.67300
119777,Kotak Multi Asset Omni FOF - Direct Growth - Direct,23-06-2017,74.71300
119777,Kotak Multi Asset Omni FOF - Direct Growth - Direct,22-06-2017,74.76200
119777,Kotak Multi Asset Omni FOF - Direct Growth - Direct,21-06-2017,74.80300
119777,Kotak Multi Asset Omni FOF - Direct Growth - Direct,20-06-2017,74.79200
119777,Kotak Multi Asset Omni FOF - Direct Growth - Direct,19-06-2017,74.77200
119777,Kotak Multi Asset Omni FOF - Direct Growth - Direct,16-06-2017,74.69400
119777,Kotak Multi Asset Omni FOF - Direct Growth - Direct,15-06-2017,74.67400
119777,Kotak Multi Asset Omni FOF - Direct Growth - Direct,14-06-2017,74.67500
119777,Kotak Multi Asset Omni FOF - Direct Growth - Direct,13-06-2017,74.89600
119777,Kotak Multi Asset Omni FOF - Direct Growth - Direct,12-06-2017,74.90500
119777,Kotak Multi Asset Omni FOF - Direct Growth - Direct,09-06-2017,75.16400
119777,Kotak Multi Asset Omni FOF - Direct Growth - Direct,08-06-2017,75.08500
119777,Kotak Multi Asset Omni FOF - Direct Growth - Direct,07-06-2017,75.02100
119777,Kotak Multi Asset Omni FOF - Direct Growth - Direct,06-06-2017,74.76600
119777,Kotak Multi Asset Omni FOF - Direct Growth - Direct,05-06-2017,74.88400
119777,Kotak Multi Asset Omni FOF - Direct Growth - Direct,02-06-2017,74.86000
119777,Kotak Multi Asset Omni FOF - Direct Growth - Direct,01-06-2017,74.66400
119777,Kotak Multi Asset Omni FOF - Direct Growth - Direct,31-05-2017,74.57800
119777,Kotak Multi Asset Omni FOF - Direct Growth - Direct,30-05-2017,74.33300
119777,Kotak Multi Asset Omni FOF - Direct Growth - Direct,29-05-2017,74.15100
119777,Kotak Multi Asset Omni FOF - Direct Growth - Direct,26-05-2017,74.24000
119777,Kotak Multi Asset Omni FOF - Direct Growth - Direct,25-05-2017,73.86500
119777,Kotak Multi Asset Omni FOF - Direct Growth - Direct,24-05-2017,73.39500
119777,Kotak Multi Asset Omni FOF - Direct Growth - Direct,23-05-2017,73.62400
119777,Kotak Multi Asset Omni FOF - Direct Growth - Direct,22-05-2017,73.82900
119777,Kotak Multi Asset Omni FOF - Direct Growth - Direct,19-05-2017,73.95800
119777,Kotak Multi Asset Omni FOF - Direct Growth - Direct,18-05-2017,74.02800
119777,Kotak Multi Asset Omni FOF - Direct Growth - Direct,17-05-2017,74.49400
119777,Kotak Multi Asset Omni FOF - Direct Growth - Direct,16-05-2017,74.57000
119777,Kotak Multi Asset Omni FOF - Direct Growth - Direct,15-05-2017,74.35500
119777,Kotak Multi Asset Omni FOF - Direct Growth - Direct,12-05-2017,74.04300
119777,Kotak Multi Asset Omni FOF - Direct Growth - Direct,11-05-2017,74.12400
119777,Kotak Multi Asset Omni FOF - Direct Growth - Direct,10-05-2017,74.05400
119777,Kotak Multi Asset Omni FOF - Direct Growth - Direct,09-05-2017,73.81800
119777,Kotak Multi Asset Omni FOF - Direct Growth - Direct,08-05-2017,73.74700
119777,Kotak Multi Asset Omni FOF - Direct Growth - Direct,05-05-2017,73.59000
119777,Kotak Multi Asset Omni FOF - Direct Growth - Direct,04-05-2017,73.85200
119777,Kotak Multi Asset Omni FOF - Direct Growth - Direct,03-05-2017,73.73000
119777,Kotak Multi Asset Omni FOF - Direct Growth - Direct,02-05-2017,73.74400
119777,Kotak Multi Asset Omni FOF - Direct Growth - Direct,28-04-2017,73.66000
119777,Kotak Multi Asset Omni FOF - Direct Growth - Direct,27-04-2017,73.65700
119777,Kotak Multi Asset Omni FOF - Direct Growth - Direct,26-04-2017,73.70800
119777,Kotak Multi Asset Omni FOF - Direct Growth - Direct,25-04-2017,73.71100
119777,Kotak Multi Asset Omni FOF - Direct Growth - Direct,24-04-2017,73.30500
119777,Kotak Multi Asset Omni FOF - Direct Growth - Direct,21-04-2017,72.93400
119777,Kotak Multi Asset Omni FOF - Direct Growth - Direct,20-04-2017,73.01400
119777,Kotak Multi Asset Omni FOF - Direct Growth - Direct,19-04-2017,72.85400
119777,Kotak Multi Asset Omni FOF - Direct Growth - Direct,18-04-2017,72.77200
119777,Kotak Multi Asset Omni FOF - Direct Growth - Direct,17-04-2017,72.89500
119777,Kotak Multi Asset Omni FOF - Direct Growth - Direct,13-04-2017,72.86300
119777,Kotak Multi Asset Omni FOF - Direct Growth - Direct,12-04-2017,72.89200
119777,Kotak Multi Asset Omni FOF - Direct Growth - Direct,11-04-2017,72.89900
119777,Kotak Multi Asset Omni FOF - Direct Growth - Direct,10-04-2017,72.68200
119777,Kotak Multi Asset Omni FOF - Direct Growth - Direct,07-04-2017,72.56700
119777,Kotak Multi Asset Omni FOF - Direct Growth - Direct,06-04-2017,72.60500
119777,Kotak Multi Asset Omni FOF - Direct Growth - Direct,05-04-2017,72.66800
119777,Kotak Multi Asset Omni FOF - Direct Growth - Direct,03-04-2017,72.47700
119777,Kotak Multi Asset Omni FOF - Direct Growth - Direct,31-03-2017,72.24900
119777,Kotak Multi Asset Omni FOF - Direct Growth - Direct,30-03-2017,72.07900
119777,Kotak Multi Asset Omni FOF - Direct Growth - Direct,29-03-2017,71.94400
119777,Kotak Multi Asset Omni FOF - Direct Growth - Direct,28-03-2017,71.95400
119777,Kotak Multi Asset Omni FOF - Direct Growth - Direct,27-03-2017,71.81900
119777,Kotak Multi Asset Omni FOF - Direct Growth - Direct,24-03-2017,71.81500
119777,Kotak Multi Asset Omni FOF - Direct Growth - Direct,23-03-2017,71.71300
119777,Kotak Multi Asset Omni FOF - Direct Growth - Direct,22-03-2017,71.50300
119777,Kotak Multi Asset Omni FOF - Direct Growth - Direct,21-03-2017,71.68100
119777,Kotak Multi Asset Omni FOF - Direct Growth - Direct,20-03-2017,71.65200
119777,Kotak Multi Asset Omni FOF - Direct Growth - Direct,17-03-2017,71.71900
119777,Kotak Multi Asset Omni FOF - Direct Growth - Direct,16-03-2017,71.74400
119777,Kotak Multi Asset Omni FOF - Direct Growth - Direct,15-03-2017,71.50100
119777,Kotak Multi Asset Omni FOF - Direct Growth - Direct,14-03-2017,71.29400
119777,Kotak Multi Asset Omni FOF - Direct Growth - Direct,10-03-2017,70.82900
119777,Kotak Multi Asset Omni FOF - Direct Growth - Direct,09-03-2017,70.86400
119777,Kotak Multi Asset Omni FOF - Direct Growth - Direct,08-03-2017,70.84600
119777,Kotak Multi Asset Omni FOF - Direct Growth - Direct,07-03-2017,70.99600
119777,Kotak Multi Asset Omni FOF - Direct Growth - Direct,06-03-2017,71.05200
119777,Kotak Multi Asset Omni FOF - Direct Growth - Direct,03-03-2017,70.85300
119777,Kotak Multi Asset Omni FOF - Direct Growth - Direct,02-03-2017,70.75200
119777,Kotak Multi Asset Omni FOF - Direct Growth - Direct,01-03-2017,71.09100
119777,Kotak Multi Asset Omni FOF - Direct Growth - Direct,28-02-2017,71.04300
119777,Kotak Multi Asset Omni FOF - Direct Growth - Direct,27-02-2017,71.06500
119777,Kotak Multi Asset Omni FOF - Direct Growth - Direct,23-02-2017,71.10700
119777,Kotak Multi Asset Omni FOF - Direct Growth - Direct,22-02-2017,71.03300
119777,Kotak Multi Asset Omni FOF - Direct Growth - Direct,21-02-2017,70.95800
119777,Kotak Multi Asset Omni FOF - Direct Growth - Direct,20-02-2017,70.83600
119777,Kotak Multi Asset Omni FOF - Direct Growth - Direct,17-02-2017,70.63300
119777,Kotak Multi Asset Omni FOF - Direct Growth - Direct,16-02-2017,70.38600
119777,Kotak Multi Asset Omni FOF - Direct Growth - Direct,15-02-2017,69.91300
119777,Kotak Multi Asset Omni FOF - Direct Growth - Direct,14-02-2017,70.23900
119777,Kotak Multi Asset Omni FOF - Direct Growth - Direct,13-02-2017,70.50100
119777,Kotak Multi Asset Omni FOF - Direct Growth - Direct,10-02-2017,70.62900
119777,Kotak Multi Asset Omni FOF - Direct Growth - Direct,09-02-2017,70.57700
119777,Kotak Multi Asset Omni FOF - Direct Growth - Direct,08-02-2017,70.65100
119777,Kotak Multi Asset Omni FOF - Direct Growth - Direct,07-02-2017,70.97400
119777,Kotak Multi Asset Omni FOF - Direct Growth - Direct,06-02-2017,71.16900
119777,Kotak Multi Asset Omni FOF - Direct Growth - Direct,03-02-2017,70.78400
119777,Kotak Multi Asset Omni FOF - Direct Growth - Direct,02-02-2017,70.66800
119777,Kotak Multi Asset Omni FOF - Direct Growth - Direct,01-02-2017,70.58900
119777,Kotak Multi Asset Omni FOF - Direct Growth - Direct,31-01-2017,69.55800
119777,Kotak Multi Asset Omni FOF - Direct Growth - Direct,30-01-2017,69.85500
119777,Kotak Multi Asset Omni FOF - Direct Growth - Direct,27-01-2017,69.84400
119777,Kotak Multi Asset Omni FOF - Direct Growth - Direct,25-01-2017,69.60900
119777,Kotak Multi Asset Omni FOF - Direct Growth - Direct,24-01-2017,69.10000
119777,Kotak Multi Asset Omni FOF - Direct Growth - Direct,23-01-2017,68.63900
119777,Kotak Multi Asset Omni FOF - Direct Growth - Direct,20-01-2017,68.41900
119777,Kotak Multi Asset Omni FOF - Direct Growth - Direct,19-01-2017,68.82600
119777,Kotak Multi Asset Omni FOF - Direct Growth - Direct,18-01-2017,68.68300
119777,Kotak Multi Asset Omni FOF - Direct Growth - Direct,17-01-2017,68.51800
119777,Kotak Multi Asset Omni FOF - Direct Growth - Direct,16-01-2017,68.49700
119777,Kotak Multi Asset Omni FOF - Direct Growth - Direct,13-01-2017,68.43900
119777,Kotak Multi Asset Omni FOF - Direct Growth - Direct,12-01-2017,68.50700
119777,Kotak Multi Asset Omni FOF - Direct Growth - Direct,11-01-2017,68.48000
119777,Kotak Multi Asset Omni FOF - Direct Growth - Direct,10-01-2017,67.98100
119777,Kotak Multi Asset Omni FOF - Direct Growth - Direct,09-01-2017,67.63800
119777,Kotak Multi Asset Omni FOF - Direct Growth - Direct,06-01-2017,67.65400
119777,Kotak Multi Asset Omni FOF - Direct Growth - Direct,05-01-2017,67.84200
119777,Kotak Multi Asset Omni FOF - Direct Growth - Direct,04-01-2017,67.45900
119777,Kotak Multi Asset Omni FOF - Direct Growth - Direct,03-01-2017,67.43900
119777,Kotak Multi Asset Omni FOF - Direct Growth - Direct,02-01-2017,67.24400
119777,Kotak Multi Asset Omni FOF - Direct Growth - Direct,30-12-2016,66.89500
119777,Kotak Multi Asset Omni FOF - Direct Growth - Direct,29-12-2016,66.40100
119777,Kotak Multi Asset Omni FOF - Direct Growth - Direct,28-12-2016,65.95900
119777,Kotak Multi Asset Omni FOF - Direct Growth - Direct,27-12-2016,65.89200
119777,Kotak Multi Asset Omni FOF - Direct Growth - Direct,26-12-2016,65.59500
119777,Kotak Multi Asset Omni FOF - Direct Growth - Direct,23-12-2016,65.90100
119777,Kotak Multi Asset Omni FOF - Direct Growth - Direct,22-12-2016,65.88900
119777,Kotak Multi Asset Omni FOF - Direct Growth - Direct,21-12-2016,66.24700
119777,Kotak Multi Asset Omni FOF - Direct Growth - Direct,20-12-2016,66.25400
119777,Kotak Multi Asset Omni FOF - Direct Growth - Direct,19-12-2016,66.36600
119777,Kotak Multi Asset Omni FOF - Direct Growth - Direct,16-12-2016,66.44300
119777,Kotak Multi Asset Omni FOF - Direct Growth - Direct,15-12-2016,66.50000
119777,Kotak Multi Asset Omni FOF - Direct Growth - Direct,14-12-2016,66.63100
119777,Kotak Multi Asset Omni FOF - Direct Growth - Direct,13-12-2016,66.73800
119777,Kotak Multi Asset Omni FOF - Direct Growth - Direct,12-12-2016,66.68800
119777,Kotak Multi Asset Omni FOF - Direct Growth - Direct,09-12-2016,67.04700
119777,Kotak Multi Asset Omni FOF - Direct Growth - Direct,08-12-2016,67.01600
119777,Kotak Multi Asset Omni FOF - Direct Growth - Direct,07-12-2016,66.69700
119777,Kotak Multi Asset Omni FOF - Direct Growth - Direct,06-12-2016,67.06900
119777,Kotak Multi Asset Omni FOF - Direct Growth - Direct,05-12-2016,67.00400
119777,Kotak Multi Asset Omni FOF - Direct Growth - Direct,02-12-2016,66.83800
119777,Kotak Multi Asset Omni FOF - Direct Growth - Direct,01-12-2016,67.20600
119777,Kotak Multi Asset Omni FOF - Direct Growth - Direct,30-11-2016,67.36000
119777,Kotak Multi Asset Omni FOF - Direct Growth - Direct,29-11-2016,66.99100
119777,Kotak Multi Asset Omni FOF - Direct Growth - Direct,28-11-2016,66.89400
119777,Kotak Multi Asset Omni FOF - Direct Growth - Direct,25-11-2016,66.90700
119777,Kotak Multi Asset Omni FOF - Direct Growth - Direct,24-11-2016,66.58000
119777,Kotak Multi Asset Omni FOF - Direct Growth - Direct,23-11-2016,66.61800
119777,Kotak Multi Asset Omni FOF - Direct Growth - Direct,22-11-2016,66.39800
119777,Kotak Multi Asset Omni FOF - Direct Growth - Direct,21-11-2016,66.02800
119777,Kotak Multi Asset Omni FOF - Direct Growth - Direct,18-11-2016,66.36500
119777,Kotak Multi Asset Omni FOF - Direct Growth - Direct,17-11-2016,66.33900
119777,Kotak Multi Asset Omni FOF - Direct Growth - Direct,16-11-2016,66.46400
119777,Kotak Multi Asset Omni FOF - Direct Growth - Direct,15-11-2016,66.25400
119777,Kotak Multi Asset Omni FOF - Direct Growth - Direct,11-11-2016,66.93700
119777,Kotak Multi Asset Omni FOF - Direct Growth - Direct,10-11-2016,67.78600
119777,Kotak Multi Asset Omni FOF - Direct Growth - Direct,09-11-2016,67.41600
119777,Kotak Multi Asset Omni FOF - Direct Growth - Direct,08-11-2016,67.74400
119777,Kotak Multi Asset Omni FOF - Direct Growth - Direct,07-11-2016,67.64600
119777,Kotak Multi Asset Omni FOF - Direct Growth - Direct,04-11-2016,67.53300
119777,Kotak Multi Asset Omni FOF - Direct Growth - Direct,03-11-2016,67.63000
119777,Kotak Multi Asset Omni FOF - Direct Growth - Direct,02-11-2016,67.69400
119777,Kotak Multi Asset Omni FOF - Direct Growth - Direct,01-11-2016,67.89300
119777,Kotak Multi Asset Omni FOF - Direct Growth - Direct,28-10-2016,67.86400
119777,Kotak Multi Asset Omni FOF - Direct Growth - Direct,27-10-2016,67.75800
119777,Kotak Multi Asset Omni FOF - Direct Growth - Direct,26-10-2016,67.84000
119777,Kotak Multi Asset Omni FOF - Direct Growth - Direct,25-10-2016,67.94800
119777,Kotak Multi Asset Omni FOF - Direct Growth - Direct,24-10-2016,67.90900
119777,Kotak Multi Asset Omni FOF - Direct Growth - Direct,21-10-2016,67.88600
119777,Kotak Multi Asset Omni FOF - Direct Growth - Direct,20-10-2016,67.87000
119777,Kotak Multi Asset Omni FOF - Direct Growth - Direct,19-10-2016,67.86100
119777,Kotak Multi Asset Omni FOF - Direct Growth - Direct,18-10-2016,67.89700
119777,Kotak Multi Asset Omni FOF - Direct Growth - Direct,17-10-2016,67.70500
119777,Kotak Multi Asset Omni FOF - Direct Growth - Direct,14-10-2016,67.76800
119777,Kotak Multi Asset Omni FOF - Direct Growth - Direct,13-10-2016,67.70600
119777,Kotak Multi Asset Omni FOF - Direct Growth - Direct,10-10-2016,67.84000
119777,Kotak Multi Asset Omni FOF - Direct Growth - Direct,07-10-2016,67.81000
119777,Kotak Multi Asset Omni FOF - Direct Growth - Direct,06-10-2016,67.86800
119777,Kotak Multi Asset Omni FOF - Direct Growth - Direct,05-10-2016,67.88100
119777,Kotak Multi Asset Omni FOF - Direct Growth - Direct,04-10-2016,67.82600
119777,Kotak Multi Asset Omni FOF - Direct Growth - Direct,03-10-2016,67.74300
119777,Kotak Multi Asset Omni FOF - Direct Growth - Direct,30-09-2016,67.39400
119777,Kotak Multi Asset Omni FOF - Direct Growth - Direct,29-09-2016,67.24500
119777,Kotak Multi Asset Omni FOF - Direct Growth - Direct,28-09-2016,67.60100
119777,Kotak Multi Asset Omni FOF - Direct Growth - Direct,27-09-2016,67.51800
119777,Kotak Multi Asset Omni FOF - Direct Growth - Direct,26-09-2016,67.51300
119777,Kotak Multi Asset Omni FOF - Direct Growth - Direct,23-09-2016,67.53200
119777,Kotak Multi Asset Omni FOF - Direct Growth - Direct,22-09-2016,67.51400
119777,Kotak Multi Asset Omni FOF - Direct Growth - Direct,21-09-2016,67.26500
119777,Kotak Multi Asset Omni FOF - Direct Growth - Direct,20-09-2016,67.25600
119777,Kotak Multi Asset Omni FOF - Direct Growth - Direct,19-09-2016,67.32100
119777,Kotak Multi Asset Omni FOF - Direct Growth - Direct,16-09-2016,67.24300
119777,Kotak Multi Asset Omni FOF - Direct Growth - Direct,15-09-2016,67.18800
119777,Kotak Multi Asset Omni FOF - Direct Growth - Direct,14-09-2016,67.17100
119777,Kotak Multi Asset Omni FOF - Direct Growth - Direct,12-09-2016,67.09000
119777,Kotak Multi Asset Omni FOF - Direct Growth - Direct,09-09-2016,67.37900
119777,Kotak Multi Asset Omni FOF - Direct Growth - Direct,08-09-2016,67.50900
119777,Kotak Multi Asset Omni FOF - Direct Growth - Direct,07-09-2016,67.40000
119777,Kotak Multi Asset Omni FOF - Direct Growth - Direct,06-09-2016,67.37400
119777,Kotak Multi Asset Omni FOF - Direct Growth - Direct,02-09-2016,67.10000
119777,Kotak Multi Asset Omni FOF - Direct Growth - Direct,01-09-2016,67.06200
119777,Kotak Multi Asset Omni FOF - Direct Growth - Direct,31-08-2016,67.09500
119777,Kotak Multi Asset Omni FOF - Direct Growth - Direct,30-08-2016,66.95700
119777,Kotak Multi Asset Omni FOF - Direct Growth - Direct,29-08-2016,66.75300
119777,Kotak Multi Asset Omni FOF - Direct Growth - Direct,26-08-2016,66.68200
119777,Kotak Multi Asset Omni FOF - Direct Growth - Direct,25-08-2016,66.63800
119777,Kotak Multi Asset Omni FOF - Direct Growth - Direct,24-08-2016,66.64500
119777,Kotak Multi Asset Omni FOF - Direct Growth - Direct,23-08-2016,66.53400
119777,Kotak Multi Asset Omni FOF - Direct Growth - Direct,22-08-2016,66.56200
119777,Kotak Multi Asset Omni FOF - Direct Growth - Direct,19-08-2016,66.65100
119777,Kotak Multi Asset Omni FOF - Direct Growth - Direct,18-08-2016,66.58200
119777,Kotak Multi Asset Omni FOF - Direct Growth - Direct,17-08-2016,66.50500
119777,Kotak Multi Asset Omni FOF - Direct Growth - Direct,16-08-2016,66.49200
119777,Kotak Multi Asset Omni FOF - Direct Growth - Direct,12-08-2016,66.47400
119777,Kotak Multi Asset Omni FOF - Direct Growth - Direct,11-08-2016,66.37200
119777,Kotak Multi Asset Omni FOF - Direct Growth - Direct,10-08-2016,66.30600
119777,Kotak Multi Asset Omni FOF - Direct Growth - Direct,09-08-2016,66.46900
119777,Kotak Multi Asset Omni FOF - Direct Growth - Direct,08-08-2016,66.45900
119777,Kotak Multi Asset Omni FOF - Direct Growth - Direct,05-08-2016,66.35400
119777,Kotak Multi Asset Omni FOF - Direct Growth - Direct,04-08-2016,66.10000
119777,Kotak Multi Asset Omni FOF - Direct Growth - Direct,03-08-2016,66.05300
119777,Kotak Multi Asset Omni FOF - Direct Growth - Direct,02-08-2016,66.23800
119777,Kotak Multi Asset Omni FOF - Direct Growth - Direct,01-08-2016,66.30400
119777,Kotak Multi Asset Omni FOF - Direct Growth - Direct,29-07-2016,66.21200
119777,Kotak Multi Asset Omni FOF - Direct Growth - Direct,28-07-2016,66.17900
119777,Kotak Multi Asset Omni FOF - Direct Growth - Direct,27-07-2016,65.99800
119777,Kotak Multi Asset Omni FOF - Direct Growth - Direct,26-07-2016,65.94100
119777,Kotak Multi Asset Omni FOF - Direct Growth - Direct,25-07-2016,65.95900
119777,Kotak Multi Asset Omni FOF - Direct Growth - Direct,22-07-2016,65.78100
119777,Kotak Multi Asset Omni FOF - Direct Growth - Direct,21-07-2016,65.70600
119777,Kotak Multi Asset Omni FOF - Direct Growth - Direct,20-07-2016,65.71600
119777,Kotak Multi Asset Omni FOF - Direct Growth - Direct,19-07-2016,65.56600
119777,Kotak Multi Asset Omni FOF - Direct Growth - Direct,18-07-2016,65.50800
119777,Kotak Multi Asset Omni FOF - Direct Growth - Direct,15-07-2016,65.51500
119777,Kotak Multi Asset Omni FOF - Direct Growth - Direct,14-07-2016,65.52100
119777,Kotak Multi Asset Omni FOF - Direct Growth - Direct,13-07-2016,65.39600
119777,Kotak Multi Asset Omni FOF - Direct Growth - Direct,12-07-2016,65.44600
119777,Kotak Multi Asset Omni FOF - Direct Growth - Direct,11-07-2016,65.34800
119777,Kotak Multi Asset Omni FOF - Direct Growth - Direct,08-07-2016,65.12800
119777,Kotak Multi Asset Omni FOF - Direct Growth - Direct,07-07-2016,65.16000
119777,Kotak Multi Asset Omni FOF - Direct Growth - Direct,05-07-2016,65.11700
119777,Kotak Multi Asset Omni FOF - Direct Growth - Direct,04-07-2016,65.17600
119777,Kotak Multi Asset Omni FOF - Direct Growth - Direct,01-07-2016,65.05900
119777,Kotak Multi Asset Omni FOF - Direct Growth - Direct,30-06-2016,64.84200
119777,Kotak Multi Asset Omni FOF - Direct Growth - Direct,29-06-2016,64.72600
119777,Kotak Multi Asset Omni FOF - Direct Growth - Direct,28-06-2016,64.50700
119777,Kotak Multi Asset Omni FOF - Direct Growth - Direct,27-06-2016,64.42100
119777,Kotak Multi Asset Omni FOF - Direct Growth - Direct,24-06-2016,64.20900
119777,Kotak Multi Asset Omni FOF - Direct Growth - Direct,23-06-2016,64.47000
119777,Kotak Multi Asset Omni FOF - Direct Growth - Direct,22-06-2016,64.31600
119777,Kotak Multi Asset Omni FOF - Direct Growth - Direct,21-06-2016,64.33300
119777,Kotak Multi Asset Omni FOF - Direct Growth - Direct,20-06-2016,64.33300
119777,Kotak Multi Asset Omni FOF - Direct Growth - Direct,17-06-2016,64.14100
119777,Kotak Multi Asset Omni FOF - Direct Growth - Direct,16-06-2016,64.06400
119777,Kotak Multi Asset Omni FOF - Direct Growth - Direct,15-06-2016,64.15200
119777,Kotak Multi Asset Omni FOF - Direct Growth - Direct,14-06-2016,63.93000
119777,Kotak Multi Asset Omni FOF - Direct Growth - Direct,13-06-2016,63.90100
119777,Kotak Multi Asset Omni FOF - Direct Growth - Direct,10-06-2016,64.00700
119777,Kotak Multi Asset Omni FOF - Direct Growth - Direct,09-06-2016,64.05500
119777,Kotak Multi Asset Omni FOF - Direct Growth - Direct,08-06-2016,64.13700
119777,Kotak Multi Asset Omni FOF - Direct Growth - Direct,07-06-2016,64.03600
119777,Kotak Multi Asset Omni FOF - Direct Growth - Direct,06-06-2016,63.99900
119777,Kotak Multi Asset Omni FOF - Direct Growth - Direct,03-06-2016,63.95200
119777,Kotak Multi Asset Omni FOF - Direct Growth - Direct,02-06-2016,63.93500
119777,Kotak Multi Asset Omni FOF - Direct Growth - Direct,01-06-2016,63.77100
119777,Kotak Multi Asset Omni FOF - Direct Growth - Direct,31-05-2016,63.82900
119777,Kotak Multi Asset Omni FOF - Direct Growth - Direct,30-05-2016,63.96400
119777,Kotak Multi Asset Omni FOF - Direct Growth - Direct,27-05-2016,63.84600
119777,Kotak Multi Asset Omni FOF - Direct Growth - Direct,26-05-2016,63.25500
119777,Kotak Multi Asset Omni FOF - Direct Growth - Direct,25-05-2016,62.84000
119777,Kotak Multi Asset Omni FOF - Direct Growth - Direct,24-05-2016,62.14700
119777,Kotak Multi Asset Omni FOF - Direct Growth - Direct,23-05-2016,62.17100
119777,Kotak Multi Asset Omni FOF - Direct Growth - Direct,20-05-2016,62.37600
119777,Kotak Multi Asset Omni FOF - Direct Growth - Direct,19-05-2016,62.74700
119777,Kotak Multi Asset Omni FOF - Direct Growth - Direct,18-05-2016,62.96000
119777,Kotak Multi Asset Omni FOF - Direct Growth - Direct,17-05-2016,62.99100
119777,Kotak Multi Asset Omni FOF - Direct Growth - Direct,16-05-2016,62.85600
119777,Kotak Multi Asset Omni FOF - Direct Growth - Direct,13-05-2016,62.82600
119777,Kotak Multi Asset Omni FOF - Direct Growth - Direct,12-05-2016,63.02800
119777,Kotak Multi Asset Omni FOF - Direct Growth - Direct,11-05-2016,62.72700
119777,Kotak Multi Asset Omni FOF - Direct Growth - Direct,10-05-2016,62.74100
119777,Kotak Multi Asset Omni FOF - Direct Growth - Direct,09-05-2016,62.68600
119777,Kotak Multi Asset Omni FOF - Direct Growth - Direct,06-05-2016,62.17000
119777,Kotak Multi Asset Omni FOF - Direct Growth - Direct,05-05-2016,62.18900
119777,Kotak Multi Asset Omni FOF - Direct Growth - Direct,04-05-2016,62.16000
119777,Kotak Multi Asset Omni FOF - Direct Growth - Direct,03-05-2016,62.27300
119777,Kotak Multi Asset Omni FOF - Direct Growth - Direct,02-05-2016,62.48600
119777,Kotak Multi Asset Omni FOF - Direct Growth - Direct,29-04-2016,62.41600
119777,Kotak Multi Asset Omni FOF - Direct Growth - Direct,28-04-2016,62.38300
119777,Kotak Multi Asset Omni FOF - Direct Growth - Direct,27-04-2016,62.88400
119777,Kotak Multi Asset Omni FOF - Direct Growth - Direct,26-04-2016,62.87700
119777,Kotak Multi Asset Omni FOF - Direct Growth - Direct,25-04-2016,62.55100
119777,Kotak Multi Asset Omni FOF - Direct Growth - Direct,22-04-2016,62.72700
119777,Kotak Multi Asset Omni FOF - Direct Growth - Direct,21-04-2016,62.66000
119777,Kotak Multi Asset Omni FOF - Direct Growth - Direct,20-04-2016,62.77500
119777,Kotak Multi Asset Omni FOF - Direct Growth - Direct,18-04-2016,62.83100
119777,Kotak Multi Asset Omni FOF - Direct Growth - Direct,13-04-2016,62.34900
119777,Kotak Multi Asset Omni FOF - Direct Growth - Direct,12-04-2016,61.84100
119777,Kotak Multi Asset Omni FOF - Direct Growth - Direct,11-04-2016,61.57000
119777,Kotak Multi Asset Omni FOF - Direct Growth - Direct,08-04-2016,61.17900
119777,Kotak Multi Asset Omni FOF - Direct Growth - Direct,07-04-2016,61.07500
119777,Kotak Multi Asset Omni FOF - Direct Growth - Direct,06-04-2016,61.26300
119777,Kotak Multi Asset Omni FOF - Direct Growth - Direct,05-04-2016,61.06800
119777,Kotak Multi Asset Omni FOF - Direct Growth - Direct,04-04-2016,61.62600
119777,Kotak Multi Asset Omni FOF - Direct Growth - Direct,01-04-2016,61.46300
119777,Kotak Multi Asset Omni FOF - Direct Growth - Direct,31-03-2016,61.54600
119777,Kotak Multi Asset Omni FOF - Direct Growth - Direct,29-03-2016,60.63200
119777,Kotak Multi Asset Omni FOF - Direct Growth - Direct,28-03-2016,60.66700
119777,Kotak Multi Asset Omni FOF - Direct Growth - Direct,23-03-2016,61.12600
119777,Kotak Multi Asset Omni FOF - Direct Growth - Direct,22-03-2016,61.13900
119777,Kotak Multi Asset Omni FOF - Direct Growth - Direct,21-03-2016,61.13500
119777,Kotak Multi Asset Omni FOF - Direct Growth - Direct,18-03-2016,60.47000
119777,Kotak Multi Asset Omni FOF - Direct Growth - Direct,17-03-2016,60.14000
119777,Kotak Multi Asset Omni FOF - Direct Growth - Direct,16-03-2016,59.84500
119777,Kotak Multi Asset Omni FOF - Direct Growth - Direct,15-03-2016,59.73800
119777,Kotak Multi Asset Omni FOF - Direct Growth - Direct,11-03-2016,59.65400
119777,Kotak Multi Asset Omni FOF - Direct Growth - Direct,10-03-2016,59.54100
119777,Kotak Multi Asset Omni FOF - Direct Growth - Direct,09-03-2016,59.68700
119777,Kotak Multi Asset Omni FOF - Direct Growth - Direct,08-03-2016,59.43600
119777,Kotak Multi Asset Omni FOF - Direct Growth - Direct,04-03-2016,59.49000
119777,Kotak Multi Asset Omni FOF - Direct Growth - Direct,03-03-2016,59.39300
119777,Kotak Multi Asset Omni FOF - Direct Growth - Direct,02-03-2016,59.18400
119777,Kotak Multi Asset Omni FOF - Direct Growth - Direct,01-03-2016,58.52500
119777,Kotak Multi Asset Omni FOF - Direct Growth - Direct,29-02-2016,57.52800
119777,Kotak Multi Asset Omni FOF - Direct Growth - Direct,26-02-2016,57.45600
119777,Kotak Multi Asset Omni FOF - Direct Growth - Direct,25-02-2016,57.22300
119777,Kotak Multi Asset Omni FOF - Direct Growth - Direct,24-02-2016,57.59700
119777,Kotak Multi Asset Omni FOF - Direct Growth - Direct,23-02-2016,57.97000
119777,Kotak Multi Asset Omni FOF - Direct Growth - Direct,22-02-2016,58.53600
119777,Kotak Multi Asset Omni FOF - Direct Growth - Direct,19-02-2016,58.39100
119777,Kotak Multi Asset Omni FOF - Direct Growth - Direct,18-02-2016,58.46800
119777,Kotak Multi Asset Omni FOF - Direct Growth - Direct,17-02-2016,58.08600
119777,Kotak Multi Asset Omni FOF - Direct Growth - Direct,16-02-2016,57.86900
119777,Kotak Multi Asset Omni FOF - Direct Growth - Direct,15-02-2016,58.47800
119777,Kotak Multi Asset Omni FOF - Direct Growth - Direct,12-02-2016,57.49900
119777,Kotak Multi Asset Omni FOF - Direct Growth - Direct,11-02-2016,57.62000
119777,Kotak Multi Asset Omni FOF - Direct Growth - Direct,10-02-2016,58.61300
119777,Kotak Multi Asset Omni FOF - Direct Growth - Direct,09-02-2016,58.86900
119777,Kotak Multi Asset Omni FOF - Direct Growth - Direct,08-02-2016,59.35200
119777,Kotak Multi Asset Omni FOF - Direct Growth - Direct,05-02-2016,59.59200
119777,Kotak Multi Asset Omni FOF - Direct Growth - Direct,04-02-2016,59.18200
119777,Kotak Multi Asset Omni FOF - Direct Growth - Direct,03-02-2016,59.14900
119777,Kotak Multi Asset Omni FOF - Direct Growth - Direct,02-02-2016,59.55800
119777,Kotak Multi Asset Omni FOF - Direct Growth - Direct,01-02-2016,60.06700
119777,Kotak Multi Asset Omni FOF - Direct Growth - Direct,29-01-2016,60.06200
119777,Kotak Multi Asset Omni FOF - Direct Growth - Direct,28-01-2016,59.64500
119777,Kotak Multi Asset Omni FOF - Direct Growth - Direct,27-01-2016,59.66900
119777,Kotak Multi Asset Omni FOF - Direct Growth - Direct,25-01-2016,59.66100
119777,Kotak Multi Asset Omni FOF - Direct Growth - Direct,22-01-2016,59.56000
119777,Kotak Multi Asset Omni FOF - Direct Growth - Direct,21-01-2016,59.02400
119777,Kotak Multi Asset Omni FOF - Direct Growth - Direct,20-01-2016,59.00300
119777,Kotak Multi Asset Omni FOF - Direct Growth - Direct,19-01-2016,59.44800
119777,Kotak Multi Asset Omni FOF - Direct Growth - Direct,18-01-2016,59.18000
119777,Kotak Multi Asset Omni FOF - Direct Growth - Direct,15-01-2016,59.64500
119777,Kotak Multi Asset Omni FOF - Direct Growth - Direct,14-01-2016,60.02500
119777,Kotak Multi Asset Omni FOF - Direct Growth - Direct,13-01-2016,60.21200
119777,Kotak Multi Asset Omni FOF - Direct Growth - Direct,12-01-2016,60.16200
119777,Kotak Multi Asset Omni FOF - Direct Growth - Direct,11-01-2016,60.40300
119777,Kotak Multi Asset Omni FOF - Direct Growth - Direct,08-01-2016,60.47900
119777,Kotak Multi Asset Omni FOF - Direct Growth - Direct,07-01-2016,60.33500
119777,Kotak Multi Asset Omni FOF - Direct Growth - Direct,06-01-2016,60.92100
119777,Kotak Multi Asset Omni FOF - Direct Growth - Direct,05-01-2016,60.97500
119777,Kotak Multi Asset Omni FOF - Direct Growth - Direct,04-01-2016,60.94400
119777,Kotak Multi Asset Omni FOF - Direct Growth - Direct,01-01-2016,61.33600
119777,Kotak Multi Asset Omni FOF - Direct Growth - Direct,31-12-2015,61.13900
119777,Kotak Multi Asset Omni FOF - Direct Growth - Direct,30-12-2015,61.05300
119777,Kotak Multi Asset Omni FOF - Direct Growth - Direct,29-12-2015,61.12000
119777,Kotak Multi Asset Omni FOF - Direct Growth - Direct,28-12-2015,61.08000
119777,Kotak Multi Asset Omni FOF - Direct Growth - Direct,24-12-2015,60.87500
119777,Kotak Multi Asset Omni FOF - Direct Growth - Direct,23-12-2015,60.85100
119777,Kotak Multi Asset Omni FOF - Direct Growth - Direct,22-12-2015,60.70100
119777,Kotak Multi Asset Omni FOF - Direct Growth - Direct,21-12-2015,60.75500
119777,Kotak Multi Asset Omni FOF - Direct Growth - Direct,18-12-2015,60.64500
119777,Kotak Multi Asset Omni FOF - Direct Growth - Direct,17-12-2015,60.83900
119777,Kotak Multi Asset Omni FOF - Direct Growth - Direct,16-12-2015,60.57200
119777,Kotak Multi Asset Omni FOF - Direct Growth - Direct,15-12-2015,60.39300
119777,Kotak Multi Asset Omni FOF - Direct Growth - Direct,14-12-2015,60.26000
119777,Kotak Multi Asset Omni FOF - Direct Growth - Direct,11-12-2015,60.24900
119777,Kotak Multi Asset Omni FOF - Direct Growth - Direct,10-12-2015,60.41500
119777,Kotak Multi Asset Omni FOF - Direct Growth - Direct,09-12-2015,60.29900
119777,Kotak Multi Asset Omni FOF - Direct Growth - Direct,08-12-2015,60.58900
119777,Kotak Multi Asset Omni FOF - Direct Growth - Direct,07-12-2015,60.73300
119777,Kotak Multi Asset Omni FOF - Direct Growth - Direct,04-12-2015,60.71200
119777,Kotak Multi Asset Omni FOF - Direct Growth - Direct,03-12-2015,60.88800
119777,Kotak Multi Asset Omni FOF - Direct Growth - Direct,02-12-2015,60.93000
119777,Kotak Multi Asset Omni FOF - Direct Growth - Direct,01-12-2015,61.00300
119777,Kotak Multi Asset Omni FOF - Direct Growth - Direct,30-11-2015,60.89600
119777,Kotak Multi Asset Omni FOF - Direct Growth - Direct,27-11-2015,60.90800
119777,Kotak Multi Asset Omni FOF - Direct Growth - Direct,26-11-2015,60.81600
119777,Kotak Multi Asset Omni FOF - Direct Growth - Direct,24-11-2015,60.77100
119777,Kotak Multi Asset Omni FOF - Direct Growth - Direct,23-11-2015,60.81400
119777,Kotak Multi Asset Omni FOF - Direct Growth - Direct,20-11-2015,60.80600
119777,Kotak Multi Asset Omni FOF - Direct Growth - Direct,19-11-2015,60.77700
119777,Kotak Multi Asset Omni FOF - Direct Growth - Direct,18-11-2015,60.50400
119777,Kotak Multi Asset Omni FOF - Direct Growth - Direct,17-11-2015,60.68500
119777,Kotak Multi Asset Omni FOF - Direct Growth - Direct,16-11-2015,60.64600
119777,Kotak Multi Asset Omni FOF - Direct Growth - Direct,13-11-2015,60.58000
119777,Kotak Multi Asset Omni FOF - Direct Growth - Direct,10-11-2015,60.56100
119777,Kotak Multi Asset Omni FOF - Direct Growth - Direct,09-11-2015,60.76500
119777,Kotak Multi Asset Omni FOF - Direct Growth - Direct,06-11-2015,60.80400
119777,Kotak Multi Asset Omni FOF - Direct Growth - Direct,05-11-2015,60.78900
119777,Kotak Multi Asset Omni FOF - Direct Growth - Direct,04-11-2015,60.97900
119777,Kotak Multi Asset Omni FOF - Direct Growth - Direct,03-11-2015,61.01500
119777,Kotak Multi Asset Omni FOF - Direct Growth - Direct,02-11-2015,60.96100
119777,Kotak Multi Asset Omni FOF - Direct Growth - Direct,30-10-2015,60.97500
119777,Kotak Multi Asset Omni FOF - Direct Growth - Direct,29-10-2015,61.04400
119777,Kotak Multi Asset Omni FOF - Direct Growth - Direct,28-10-2015,61.18000
119777,Kotak Multi Asset Omni FOF - Direct Growth - Direct,27-10-2015,61.30800
119777,Kotak Multi Asset Omni FOF - Direct Growth - Direct,26-10-2015,61.27300
119777,Kotak Multi Asset Omni FOF - Direct Growth - Direct,23-10-2015,61.34300
119777,Kotak Multi Asset Omni FOF - Direct Growth - Direct,21-10-2015,61.35500
119777,Kotak Multi Asset Omni FOF - Direct Growth - Direct,20-10-2015,61.46000
119777,Kotak Multi Asset Omni FOF - Direct Growth - Direct,19-10-2015,61.32500
119777,Kotak Multi Asset Omni FOF - Direct Growth - Direct,16-10-2015,61.23100
119777,Kotak Multi Asset Omni FOF - Direct Growth - Direct,15-10-2015,61.12000
119777,Kotak Multi Asset Omni FOF - Direct Growth - Direct,14-10-2015,60.94900
119777,Kotak Multi Asset Omni FOF - Direct Growth - Direct,13-10-2015,60.93300
119777,Kotak Multi Asset Omni FOF - Direct Growth - Direct,12-10-2015,60.96300
119777,Kotak Multi Asset Omni FOF - Direct Growth - Direct,09-10-2015,61.03700
119777,Kotak Multi Asset Omni FOF - Direct Growth - Direct,08-10-2015,61.00600
119777,Kotak Multi Asset Omni FOF - Direct Growth - Direct,07-10-2015,61.06100
119777,Kotak Multi Asset Omni FOF - Direct Growth - Direct,06-10-2015,61.08800
119777,Kotak Multi Asset Omni FOF - Direct Growth - Direct,05-10-2015,61.09200
119777,Kotak Multi Asset Omni FOF - Direct Growth - Direct,01-10-2015,60.71500
119777,Kotak Multi Asset Omni FOF - Direct Growth - Direct,30-09-2015,60.70500
119777,Kotak Multi Asset Omni FOF - Direct Growth - Direct,29-09-2015,60.43100
119777,Kotak Multi Asset Omni FOF - Direct Growth - Direct,28-09-2015,60.24600
119777,Kotak Multi Asset Omni FOF - Direct Growth - Direct,24-09-2015,60.36900
119777,Kotak Multi Asset Omni FOF - Direct Growth - Direct,23-09-2015,60.34400
119777,Kotak Multi Asset Omni FOF - Direct Growth - Direct,22-09-2015,60.27200
119777,Kotak Multi Asset Omni FOF - Direct Growth - Direct,21-09-2015,60.58500
119777,Kotak Multi Asset Omni FOF - Direct Growth - Direct,18-09-2015,60.45300
119777,Kotak Multi Asset Omni FOF - Direct Growth - Direct,16-09-2015,60.19200
119777,Kotak Multi Asset Omni FOF - Direct Growth - Direct,15-09-2015,60.12900
119777,Kotak Multi Asset Omni FOF - Direct Growth - Direct,14-09-2015,60.21900
119777,Kotak Multi Asset Omni FOF - Direct Growth - Direct,11-09-2015,59.98800
119777,Kotak Multi Asset Omni FOF - Direct Growth - Direct,10-09-2015,59.94800
119777,Kotak Multi Asset Omni FOF - Direct Growth - Direct,09-09-2015,59.94600
119777,Kotak Multi Asset Omni FOF - Direct Growth - Direct,08-09-2015,59.59800
119777,Kotak Multi Asset Omni FOF - Direct Growth - Direct,07-09-2015,59.35100
119777,Kotak Multi Asset Omni FOF - Direct Growth - Direct,04-09-2015,59.65400
119777,Kotak Multi Asset Omni FOF - Direct Growth - Direct,03-09-2015,59.99300
119777,Kotak Multi Asset Omni FOF - Direct Growth - Direct,02-09-2015,59.86300
119777,Kotak Multi Asset Omni FOF - Direct Growth - Direct,01-09-2015,59.89800
119777,Kotak Multi Asset Omni FOF - Direct Growth - Direct,31-08-2015,60.12000
119777,Kotak Multi Asset Omni FOF - Direct Growth - Direct,28-08-2015,60.16300
119777,Kotak Multi Asset Omni FOF - Direct Growth - Direct,27-08-2015,60.10600
119777,Kotak Multi Asset Omni FOF - Direct Growth - Direct,26-08-2015,59.95100
119777,Kotak Multi Asset Omni FOF - Direct Growth - Direct,25-08-2015,59.99000
119777,Kotak Multi Asset Omni FOF - Direct Growth - Direct,24-08-2015,59.86900
119777,Kotak Multi Asset Omni FOF - Direct Growth - Direct,21-08-2015,60.35500
119777,Kotak Multi Asset Omni FOF - Direct Growth - Direct,20-08-2015,60.41800
119777,Kotak Multi Asset Omni FOF - Direct Growth - Direct,19-08-2015,60.51700
119777,Kotak Multi Asset Omni FOF - Direct Growth - Direct,18-08-2015,60.46900
119777,Kotak Multi Asset Omni FOF - Direct Growth - Direct,17-08-2015,60.42500
119777,Kotak Multi Asset Omni FOF - Direct Growth - Direct,14-08-2015,60.40100
119777,Kotak Multi Asset Omni FOF - Direct Growth - Direct,13-08-2015,60.27700
119777,Kotak Multi Asset Omni FOF - Direct Growth - Direct,12-08-2015,60.22100
119777,Kotak Multi Asset Omni FOF - Direct Growth - Direct,11-08-2015,60.32400
119777,Kotak Multi Asset Omni FOF - Direct Growth - Direct,10-08-2015,60.37200
119777,Kotak Multi Asset Omni FOF - Direct Growth - Direct,07-08-2015,60.36700
119777,Kotak Multi Asset Omni FOF - Direct Growth - Direct,06-08-2015,60.36400
119777,Kotak Multi Asset Omni FOF - Direct Growth - Direct,05-08-2015,60.33100
119777,Kotak Multi Asset Omni FOF - Direct Growth - Direct,04-08-2015,60.29400
119777,Kotak Multi Asset Omni FOF - Direct Growth - Direct,03-08-2015,60.28100
119777,Kotak Multi Asset Omni FOF - Direct Growth - Direct,31-07-2015,60.20000
119777,Kotak Multi Asset Omni FOF - Direct Growth - Direct,30-07-2015,60.08200
119777,Kotak Multi Asset Omni FOF - Direct Growth - Direct,28-07-2015,59.94500
119777,Kotak Multi Asset Omni FOF - Direct Growth - Direct,27-07-2015,59.88100
119777,Kotak Multi Asset Omni FOF - Direct Growth - Direct,24-07-2015,59.94900
119777,Kotak Multi Asset Omni FOF - Direct Growth - Direct,23-07-2015,59.99600
119777,Kotak Multi Asset Omni FOF - Direct Growth - Direct,22-07-2015,59.98300
119777,Kotak Multi Asset Omni FOF - Direct Growth - Direct,21-07-2015,59.90400
119777,Kotak Multi Asset Omni FOF - Direct Growth - Direct,20-07-2015,59.96800
119777,Kotak Multi Asset Omni FOF - Direct Growth - Direct,17-07-2015,59.94100
119777,Kotak Multi Asset Omni FOF - Direct Growth - Direct,16-07-2015,59.90700
119777,Kotak Multi Asset Omni FOF - Direct Growth - Direct,15-07-2015,59.81800
119777,Kotak Multi Asset Omni FOF - Direct Growth - Direct,14-07-2015,59.77100
119777,Kotak Multi Asset Omni FOF - Direct Growth - Direct,13-07-2015,59.73500
119777,Kotak Multi Asset Omni FOF - Direct Growth - Direct,10-07-2015,59.69400
119777,Kotak Multi Asset Omni FOF - Direct Growth - Direct,09-07-2015,59.65900
119777,Kotak Multi Asset Omni FOF - Direct Growth - Direct,08-07-2015,59.67500
119777,Kotak Multi Asset Omni FOF - Direct Growth - Direct,07-07-2015,59.76900
119777,Kotak Multi Asset Omni FOF - Direct Growth - Direct,06-07-2015,59.76100
119777,Kotak Multi Asset Omni FOF - Direct Growth - Direct,03-07-2015,59.64700
119777,Kotak Multi Asset Omni FOF - Direct Growth - Direct,02-07-2015,59.60100
119777,Kotak Multi Asset Omni FOF - Direct Growth - Direct,01-07-2015,59.57300
119777,Kotak Multi Asset Omni FOF - Direct Growth - Direct,30-06-2015,59.45000
119777,Kotak Multi Asset Omni FOF - Direct Growth - Direct,29-06-2015,59.36100
119777,Kotak Multi Asset Omni FOF - Direct Growth - Direct,26-06-2015,59.42500
119777,Kotak Multi Asset Omni FOF - Direct Growth - Direct,25-06-2015,59.40500
119777,Kotak Multi Asset Omni FOF - Direct Growth - Direct,24-06-2015,59.40100
119777,Kotak Multi Asset Omni FOF - Direct Growth - Direct,23-06-2015,59.44300
119777,Kotak Multi Asset Omni FOF - Direct Growth - Direct,22-06-2015,59.43200
119777,Kotak Multi Asset Omni FOF - Direct Growth - Direct,19-06-2015,59.30900
119777,Kotak Multi Asset Omni FOF - Direct Growth - Direct,18-06-2015,59.20900
119777,Kotak Multi Asset Omni FOF - Direct Growth - Direct,17-06-2015,59.05600
119777,Kotak Multi Asset Omni FOF - Direct Growth - Direct,16-06-2015,58.95600
119777,Kotak Multi Asset Omni FOF - Direct Growth - Direct,15-06-2015,58.94400
119777,Kotak Multi Asset Omni FOF - Direct Growth - Direct,12-06-2015,58.89600
119777,Kotak Multi Asset Omni FOF - Direct Growth - Direct,11-06-2015,58.91000
119777,Kotak Multi Asset Omni FOF - Direct Growth - Direct,10-06-2015,59.03500
119777,Kotak Multi Asset Omni FOF - Direct Growth - Direct,09-06-2015,58.99500
119777,Kotak Multi Asset Omni FOF - Direct Growth - Direct,08-06-2015,58.98200
119777,Kotak Multi Asset Omni FOF - Direct Growth - Direct,05-06-2015,59.03800
119777,Kotak Multi Asset Omni FOF - Direct Growth - Direct,04-06-2015,59.03500
119777,Kotak Multi Asset Omni FOF - Direct Growth - Direct,03-06-2015,59.06300
119777,Kotak Multi Asset Omni FOF - Direct Growth - Direct,02-06-2015,59.16300
119777,Kotak Multi Asset Omni FOF - Direct Growth - Direct,01-06-2015,59.37200
119777,Kotak Multi Asset Omni FOF - Direct Growth - Direct,29-05-2015,59.35400
119777,Kotak Multi Asset Omni FOF - Direct Growth - Direct,28-05-2015,59.24400
119777,Kotak Multi Asset Omni FOF - Direct Growth - Direct,27-05-2015,59.22100
119777,Kotak Multi Asset Omni FOF - Direct Growth - Direct,26-05-2015,59.21500
119777,Kotak Multi Asset Omni FOF - Direct Growth - Direct,25-05-2015,59.23800
119777,Kotak Multi Asset Omni FOF - Direct Growth - Direct,22-05-2015,59.23900
119777,Kotak Multi Asset Omni FOF - Direct Growth - Direct,21-05-2015,59.22400
119777,Kotak Multi Asset Omni FOF - Direct Growth - Direct,20-05-2015,59.21500
119777,Kotak Multi Asset Omni FOF - Direct Growth - Direct,19-05-2015,59.15500
119777,Kotak Multi Asset Omni FOF - Direct Growth - Direct,18-05-2015,59.09200
119777,Kotak Multi Asset Omni FOF - Direct Growth - Direct,15-05-2015,58.98200
119777,Kotak Multi Asset Omni FOF - Direct Growth - Direct,14-05-2015,58.94500
119777,Kotak Multi Asset Omni FOF - Direct Growth - Direct,13-05-2015,58.90100
119777,Kotak Multi Asset Omni FOF - Direct Growth - Direct,12-05-2015,58.81000
119777,Kotak Multi Asset Omni FOF - Direct Growth - Direct,11-05-2015,58.96400
119777,Kotak Multi Asset Omni FOF - Direct Growth - Direct,08-05-2015,58.76500
119777,Kotak Multi Asset Omni FOF - Direct Growth - Direct,07-05-2015,58.67700
119777,Kotak Multi Asset Omni FOF - Direct Growth - Direct,06-05-2015,58.81400
119777,Kotak Multi Asset Omni FOF - Direct Growth - Direct,05-05-2015,59.04300
119777,Kotak Multi Asset Omni FOF - Direct Growth - Direct,04-05-2015,59.00700
119777,Kotak Multi Asset Omni FOF - Direct Growth - Direct,30-04-2015,58.88700
119777,Kotak Multi Asset Omni FOF - Direct Growth - Direct,29-04-2015,58.90700
119777,Kotak Multi Asset Omni FOF - Direct Growth - Direct,28-04-2015,58.90100
119777,Kotak Multi Asset Omni FOF - Direct Growth - Direct,27-04-2015,58.78900
119777,Kotak Multi Asset Omni FOF - Direct Growth - Direct,24-04-2015,58.86100
119777,Kotak Multi Asset Omni FOF - Direct Growth - Direct,23-04-2015,58.99800
119777,Kotak Multi Asset Omni FOF - Direct Growth - Direct,22-04-2015,59.00500
119777,Kotak Multi Asset Omni FOF - Direct Growth - Direct,21-04-2015,58.96100
119777,Kotak Multi Asset Omni FOF - Direct Growth - Direct,20-04-2015,59.00000
119777,Kotak Multi Asset Omni FOF - Direct Growth - Direct,17-04-2015,59.08900
119777,Kotak Multi Asset Omni FOF - Direct Growth - Direct,16-04-2015,59.17900
119777,Kotak Multi Asset Omni FOF - Direct Growth - Direct,15-04-2015,59.21300
119777,Kotak Multi Asset Omni FOF - Direct Growth - Direct,13-04-2015,59.23900
119777,Kotak Multi Asset Omni FOF - Direct Growth - Direct,10-04-2015,59.21400
119777,Kotak Multi Asset Omni FOF - Direct Growth - Direct,09-04-2015,59.22000
119777,Kotak Multi Asset Omni FOF - Direct Growth - Direct,08-04-2015,59.14700
119777,Kotak Multi Asset Omni FOF - Direct Growth - Direct,07-04-2015,59.09200
119777,Kotak Multi Asset Omni FOF - Direct Growth - Direct,06-04-2015,59.12100
119777,Kotak Multi Asset Omni FOF - Direct Growth - Direct,01-04-2015,58.99300
119777,Kotak Multi Asset Omni FOF - Direct Growth - Direct,31-03-2015,58.92500
119777,Kotak Multi Asset Omni FOF - Direct Growth - Direct,30-03-2015,58.83700
119777,Kotak Multi Asset Omni FOF - Direct Growth - Direct,27-03-2015,58.69600
119777,Kotak Multi Asset Omni FOF - Direct Growth - Direct,26-03-2015,58.66800
119777,Kotak Multi Asset Omni FOF - Direct Growth - Direct,24-03-2015,58.75800
119777,Kotak Multi Asset Omni FOF - Direct Growth - Direct,23-03-2015,58.79900
119777,Kotak Multi Asset Omni FOF - Direct Growth - Direct,20-03-2015,58.83700
119777,Kotak Multi Asset Omni FOF - Direct Growth - Direct,18-03-2015,58.93300
119777,Kotak Multi Asset Omni FOF - Direct Growth - Direct,17-03-2015,58.93500
119777,Kotak Multi Asset Omni FOF - Direct Growth - Direct,16-03-2015,58.85100
119777,Kotak Multi Asset Omni FOF - Direct Growth - Direct,13-03-2015,58.82700
119777,Kotak Multi Asset Omni FOF - Direct Growth - Direct,12-03-2015,58.96100
119777,Kotak Multi Asset Omni FOF - Direct Growth - Direct,11-03-2015,58.89000
119777,Kotak Multi Asset Omni FOF - Direct Growth - Direct,10-03-2015,58.89200
119777,Kotak Multi Asset Omni FOF - Direct Growth - Direct,09-03-2015,58.92500
119777,Kotak Multi Asset Omni FOF - Direct Growth - Direct,05-03-2015,59.01600
119777,Kotak Multi Asset Omni FOF - Direct Growth - Direct,04-03-2015,59.01200
119777,Kotak Multi Asset Omni FOF - Direct Growth - Direct,03-03-2015,59.03500
119777,Kotak Multi Asset Omni FOF - Direct Growth - Direct,02-03-2015,59.03400
119777,Kotak Multi Asset Omni FOF - Direct Growth - Direct,27-02-2015,58.86900
119777,Kotak Multi Asset Omni FOF - Direct Growth - Direct,26-02-2015,58.72000
119777,Kotak Multi Asset Omni FOF - Direct Growth - Direct,25-02-2015,58.80800
119777,Kotak Multi Asset Omni FOF - Direct Growth - Direct,24-02-2015,58.80100
119777,Kotak Multi Asset Omni FOF - Direct Growth - Direct,23-02-2015,58.80000
119777,Kotak Multi Asset Omni FOF - Direct Growth - Direct,20-02-2015,58.83800
119777,Kotak Multi Asset Omni FOF - Direct Growth - Direct,19-02-2015,58.81900
119777,Kotak Multi Asset Omni FOF - Direct Growth - Direct,18-02-2015,58.84000
119777,Kotak Multi Asset Omni FOF - Direct Growth - Direct,16-02-2015,58.79300
119777,Kotak Multi Asset Omni FOF - Direct Growth - Direct,13-02-2015,58.80400
119777,Kotak Multi Asset Omni FOF - Direct Growth - Direct,12-02-2015,58.69100
119777,Kotak Multi Asset Omni FOF - Direct Growth - Direct,10-02-2015,58.53100
119777,Kotak Multi Asset Omni FOF - Direct Growth - Direct,09-02-2015,58.48900
119777,Kotak Multi Asset Omni FOF - Direct Growth - Direct,06-02-2015,58.59500
119777,Kotak Multi Asset Omni FOF - Direct Growth - Direct,05-02-2015,58.65300
119777,Kotak Multi Asset Omni FOF - Direct Growth - Direct,04-02-2015,58.66100
119777,Kotak Multi Asset Omni FOF - Direct Growth - Direct,03-02-2015,58.71300
119777,Kotak Multi Asset Omni FOF - Direct Growth - Direct,02-02-2015,58.78500
119777,Kotak Multi Asset Omni FOF - Direct Growth - Direct,30-01-2015,58.71200
119777,Kotak Multi Asset Omni FOF - Direct Growth - Direct,29-01-2015,58.80600
119777,Kotak Multi Asset Omni FOF - Direct Growth - Direct,28-01-2015,58.80200
119777,Kotak Multi Asset Omni FOF - Direct Growth - Direct,27-01-2015,58.75700
119777,Kotak Multi Asset Omni FOF - Direct Growth - Direct,23-01-2015,58.64100
119777,Kotak Multi Asset Omni FOF - Direct Growth - Direct,22-01-2015,58.57600
119777,Kotak Multi Asset Omni FOF - Direct Growth - Direct,21-01-2015,58.55100
119777,Kotak Multi Asset Omni FOF - Direct Growth - Direct,20-01-2015,58.47400
119777,Kotak Multi Asset Omni FOF - Direct Growth - Direct,19-01-2015,58.38700
119777,Kotak Multi Asset Omni FOF - Direct Growth - Direct,16-01-2015,58.37300
119777,Kotak Multi Asset Omni FOF - Direct Growth - Direct,15-01-2015,58.32600
119777,Kotak Multi Asset Omni FOF - Direct Growth - Direct,14-01-2015,58.10600
119777,Kotak Multi Asset Omni FOF - Direct Growth - Direct,13-01-2015,58.07500
119777,Kotak Multi Asset Omni FOF - Direct Growth - Direct,12-01-2015,58.03400
119777,Kotak Multi Asset Omni FOF - Direct Growth - Direct,09-01-2015,57.93400
119777,Kotak Multi Asset Omni FOF - Direct Growth - Direct,08-01-2015,57.89200
119777,Kotak Multi Asset Omni FOF - Direct Growth - Direct,07-01-2015,57.78400
119777,Kotak Multi Asset Omni FOF - Direct Growth - Direct,06-01-2015,57.73000
119777,Kotak Multi Asset Omni FOF - Direct Growth - Direct,05-01-2015,57.89400
119777,Kotak Multi Asset Omni FOF - Direct Growth - Direct,02-01-2015,57.87200
119777,Kotak Multi Asset Omni FOF - Direct Growth - Direct,01-01-2015,57.82600
119777,Kotak Multi Asset Omni FOF - Direct Growth - Direct,31-12-2014,57.83800
119777,Kotak Multi Asset Omni FOF - Direct Growth - Direct,30-12-2014,57.77900
119777,Kotak Multi Asset Omni FOF - Direct Growth - Direct,29-12-2014,57.71300
119777,Kotak Multi Asset Omni FOF - Direct Growth - Direct,26-12-2014,57.60700
119777,Kotak Multi Asset Omni FOF - Direct Growth - Direct,24-12-2014,57.59200
119777,Kotak Multi Asset Omni FOF - Direct Growth - Direct,23-12-2014,57.62300
119777,Kotak Multi Asset Omni FOF - Direct Growth - Direct,22-12-2014,57.61500
119777,Kotak Multi Asset Omni FOF - Direct Growth - Direct,19-12-2014,57.53800
119777,Kotak Multi Asset Omni FOF - Direct Growth - Direct,18-12-2014,57.51600
119777,Kotak Multi Asset Omni FOF - Direct Growth - Direct,17-12-2014,57.34200
119777,Kotak Multi Asset Omni FOF - Direct Growth - Direct,16-12-2014,57.36500
119777,Kotak Multi Asset Omni FOF - Direct Growth - Direct,15-12-2014,57.59400
119777,Kotak Multi Asset Omni FOF - Direct Growth - Direct,12-12-2014,57.62500
119777,Kotak Multi Asset Omni FOF - Direct Growth - Direct,11-12-2014,57.63600
119777,Kotak Multi Asset Omni FOF - Direct Growth - Direct,10-12-2014,57.61500
119777,Kotak Multi Asset Omni FOF - Direct Growth - Direct,09-12-2014,57.58800
119777,Kotak Multi Asset Omni FOF - Direct Growth - Direct,08-12-2014,57.64700
119777,Kotak Multi Asset Omni FOF - Direct Growth - Direct,05-12-2014,57.70400
119777,Kotak Multi Asset Omni FOF - Direct Growth - Direct,04-12-2014,57.73700
119777,Kotak Multi Asset Omni FOF - Direct Growth - Direct,03-12-2014,57.69100
119777,Kotak Multi Asset Omni FOF - Direct Growth - Direct,02-12-2014,57.60800
119777,Kotak Multi Asset Omni FOF - Direct Growth - Direct,01-12-2014,57.60000
119777,Kotak Multi Asset Omni FOF - Direct Growth - Direct,28-11-2014,57.56800
119777,Kotak Multi Asset Omni FOF - Direct Growth - Direct,27-11-2014,57.46900
119777,Kotak Multi Asset Omni FOF - Direct Growth - Direct,26-11-2014,57.42700
119777,Kotak Multi Asset Omni FOF - Direct Growth - Direct,25-11-2014,57.39900
119777,Kotak Multi Asset Omni FOF - Direct Growth - Direct,24-11-2014,57.46200
119777,Kotak Multi Asset Omni FOF - Direct Growth - Direct,21-11-2014,57.40600
119777,Kotak Multi Asset Omni FOF - Direct Growth - Direct,20-11-2014,57.36900
119777,Kotak Multi Asset Omni FOF - Direct Growth - Direct,19-11-2014,57.35400
119777,Kotak Multi Asset Omni FOF - Direct Growth - Direct,18-11-2014,57.37900
119777,Kotak Multi Asset Omni FOF - Direct Growth - Direct,17-11-2014,57.36700
119777,Kotak Multi Asset Omni FOF - Direct Growth - Direct,14-11-2014,57.28000
119777,Kotak Multi Asset Omni FOF - Direct Growth - Direct,13-11-2014,57.24200
119777,Kotak Multi Asset Omni FOF - Direct Growth - Direct,12-11-2014,57.26300
119777,Kotak Multi Asset Omni FOF - Direct Growth - Direct,11-11-2014,57.20200
119777,Kotak Multi Asset Omni FOF - Direct Growth - Direct,10-11-2014,57.15700
119777,Kotak Multi Asset Omni FOF - Direct Growth - Direct,07-11-2014,57.13800
119777,Kotak Multi Asset Omni FOF - Direct Growth - Direct,05-11-2014,57.09500
119777,Kotak Multi Asset Omni FOF - Direct Growth - Direct,03-11-2014,57.01500
119777,Kotak Multi Asset Omni FOF - Direct Growth - Direct,31-10-2014,56.96000
119777,Kotak Multi Asset Omni FOF - Direct Growth - Direct,30-10-2014,56.84300
119777,Kotak Multi Asset Omni FOF - Direct Growth - Direct,29-10-2014,56.77900
119777,Kotak Multi Asset Omni FOF - Direct Growth - Direct,28-10-2014,56.73800
119777,Kotak Multi Asset Omni FOF - Direct Growth - Direct,27-10-2014,56.70000
119777,Kotak Multi Asset Omni FOF - Direct Growth - Direct,22-10-2014,56.65400
119777,Kotak Multi Asset Omni FOF - Direct Growth - Direct,21-10-2014,56.59000
119777,Kotak Multi Asset Omni FOF - Direct Growth - Direct,20-10-2014,56.55000
119777,Kotak Multi Asset Omni FOF - Direct Growth - Direct,17-10-2014,56.43000
119777,Kotak Multi Asset Omni FOF - Direct Growth - Direct,16-10-2014,56.40300
119777,Kotak Multi Asset Omni FOF - Direct Growth - Direct,14-10-2014,56.47300
119777,Kotak Multi Asset Omni FOF - Direct Growth - Direct,13-10-2014,56.47300
119777,Kotak Multi Asset Omni FOF - Direct Growth - Direct,10-10-2014,56.41300
119777,Kotak Multi Asset Omni FOF - Direct Growth - Direct,09-10-2014,56.45700
119777,Kotak Multi Asset Omni FOF - Direct Growth - Direct,08-10-2014,56.38800
119777,Kotak Multi Asset Omni FOF - Direct Growth - Direct,07-10-2014,56.38100
119777,Kotak Multi Asset Omni FOF - Direct Growth - Direct,01-10-2014,56.38600
119777,Kotak Multi Asset Omni FOF - Direct Growth - Direct,30-09-2014,56.38100
119777,Kotak Multi Asset Omni FOF - Direct Growth - Direct,29-09-2014,56.35500
119777,Kotak Multi Asset Omni FOF - Direct Growth - Direct,26-09-2014,56.30700
119777,Kotak Multi Asset Omni FOF - Direct Growth - Direct,25-09-2014,56.24600
119777,Kotak Multi Asset Omni FOF - Direct Growth - Direct,24-09-2014,56.31900
119777,Kotak Multi Asset Omni FOF - Direct Growth - Direct,23-09-2014,56.32500
119777,Kotak Multi Asset Omni FOF - Direct Growth - Direct,22-09-2014,56.38900
119777,Kotak Multi Asset Omni FOF - Direct Growth - Direct,19-09-2014,56.37800
119777,Kotak Multi Asset Omni FOF - Direct Growth - Direct,18-09-2014,56.37800
119777,Kotak Multi Asset Omni FOF - Direct Growth - Direct,17-09-2014,56.37900
119777,Kotak Multi Asset Omni FOF - Direct Growth - Direct,16-09-2014,56.09000
119777,Kotak Multi Asset Omni FOF - Direct Growth - Direct,15-09-2014,57.31500
119777,Kotak Multi Asset Omni FOF - Direct Growth - Direct,12-09-2014,57.42100
119777,Kotak Multi Asset Omni FOF - Direct Growth - Direct,11-09-2014,57.29100
119777,Kotak Multi Asset Omni FOF - Direct Growth - Direct,10-09-2014,56.87500
119777,Kotak Multi Asset Omni FOF - Direct Growth - Direct,09-09-2014,57.12200
119777,Kotak Multi Asset Omni FOF - Direct Growth - Direct,08-09-2014,57.08800
119777,Kotak Multi Asset Omni FOF - Direct Growth - Direct,05-09-2014,56.38300
119777,Kotak Multi Asset Omni FOF - Direct Growth - Direct,04-09-2014,56.21800
119777,Kotak Multi Asset Omni FOF - Direct Growth - Direct,03-09-2014,56.35000
119777,Kotak Multi Asset Omni FOF - Direct Growth - Direct,02-09-2014,56.04400
119777,Kotak Multi Asset Omni FOF - Direct Growth - Direct,01-09-2014,55.65400
119777,Kotak Multi Asset Omni FOF - Direct Growth - Direct,28-08-2014,54.88300
119777,Kotak Multi Asset Omni FOF - Direct Growth - Direct,27-08-2014,54.82200
119777,Kotak Multi Asset Omni FOF - Direct Growth - Direct,26-08-2014,54.47400
119777,Kotak Multi Asset Omni FOF - Direct Growth - Direct,25-08-2014,54.53800
119777,Kotak Multi Asset Omni FOF - Direct Growth - Direct,22-08-2014,54.64600
119777,Kotak Multi Asset Omni FOF - Direct Growth - Direct,21-08-2014,54.37500
119777,Kotak Multi Asset Omni FOF - Direct Growth - Direct,20-08-2014,54.11000
119777,Kotak Multi Asset Omni FOF - Direct Growth - Direct,19-08-2014,54.14400
119777,Kotak Multi Asset Omni FOF - Direct Growth - Direct,18-08-2014,53.78900
119777,Kotak Multi Asset Omni FOF - Direct Growth - Direct,14-08-2014,53.02700
119777,Kotak Multi Asset Omni FOF - Direct Growth - Direct,13-08-2014,52.54500
119777,Kotak Multi Asset Omni FOF - Direct Growth - Direct,12-08-2014,52.78900
119777,Kotak Multi Asset Omni FOF - Direct Growth - Direct,11-08-2014,52.39600
119777,Kotak Multi Asset Omni FOF - Direct Growth - Direct,08-08-2014,52.04600
119777,Kotak Multi Asset Omni FOF - Direct Growth - Direct,07-08-2014,52.69900
119777,Kotak Multi Asset Omni FOF - Direct Growth - Direct,06-08-2014,52.79300
119777,Kotak Multi Asset Omni FOF - Direct Growth - Direct,05-08-2014,53.19400
119777,Kotak Multi Asset Omni FOF - Direct Growth - Direct,04-08-2014,52.82200
119777,Kotak Multi Asset Omni FOF - Direct Growth - Direct,01-08-2014,52.22300
119777,Kotak Multi Asset Omni FOF - Direct Growth - Direct,31-07-2014,52.70500
119777,Kotak Multi Asset Omni FOF - Direct Growth - Direct,30-07-2014,52.95800
119777,Kotak Multi Asset Omni FOF - Direct Growth - Direct,28-07-2014,52.69800
119777,Kotak Multi Asset Omni FOF - Direct Growth - Direct,25-07-2014,52.95600
119777,Kotak Multi Asset Omni FOF - Direct Growth - Direct,24-07-2014,53.45400
119777,Kotak Multi Asset Omni FOF - Direct Growth - Direct,23-07-2014,53.28700
119777,Kotak Multi Asset Omni FOF - Direct Growth - Direct,22-07-2014,53.20000
119777,Kotak Multi Asset Omni FOF - Direct Growth - Direct,21-07-2014,52.99300
119777,Kotak Multi Asset Omni FOF - Direct Growth - Direct,18-07-2014,52.96100
119777,Kotak Multi Asset Omni FOF - Direct Growth - Direct,17-07-2014,52.94000
119777,Kotak Multi Asset Omni FOF - Direct Growth - Direct,16-07-2014,52.64600
119777,Kotak Multi Asset Omni FOF - Direct Growth - Direct,15-07-2014,51.93900
119777,Kotak Multi Asset Omni FOF - Direct Growth - Direct,14-07-2014,51.12600
119777,Kotak Multi Asset Omni FOF - Direct Growth - Direct,11-07-2014,51.09400
119777,Kotak Multi Asset Omni FOF - Direct Growth - Direct,10-07-2014,52.11300
119777,Kotak Multi Asset Omni FOF - Direct Growth - Direct,09-07-2014,52.06500
119777,Kotak Multi Asset Omni FOF - Direct Growth - Direct,08-07-2014,52.54800
119777,Kotak Multi Asset Omni FOF - Direct Growth - Direct,07-07-2014,53.97200
119777,Kotak Multi Asset Omni FOF - Direct Growth - Direct,04-07-2014,53.92800
119777,Kotak Multi Asset Omni FOF - Direct Growth - Direct,03-07-2014,53.62200
119777,Kotak Multi Asset Omni FOF - Direct Growth - Direct,02-07-2014,53.60500
119777,Kotak Multi Asset Omni FOF - Direct Growth - Direct,01-07-2014,53.07300
119777,Kotak Multi Asset Omni FOF - Direct Growth - Direct,30-06-2014,52.73100
119777,Kotak Multi Asset Omni FOF - Direct Growth - Direct,27-06-2014,51.93600
119777,Kotak Multi Asset Omni FOF - Direct Growth - Direct,26-06-2014,51.68000
119777,Kotak Multi Asset Omni FOF - Direct Growth - Direct,25-06-2014,52.04200
119777,Kotak Multi Asset Omni FOF - Direct Growth - Direct,24-06-2014,52.06400
119777,Kotak Multi Asset Omni FOF - Direct Growth - Direct,20-06-2014,51.41100
119777,Kotak Multi Asset Omni FOF - Direct Growth - Direct,19-06-2014,51.68300
119777,Kotak Multi Asset Omni FOF - Direct Growth - Direct,18-06-2014,51.89600
119777,Kotak Multi Asset Omni FOF - Direct Growth - Direct,17-06-2014,52.28500
119777,Kotak Multi Asset Omni FOF - Direct Growth - Direct,16-06-2014,51.55900
119777,Kotak Multi Asset Omni FOF - Direct Growth - Direct,13-06-2014,51.67500
119777,Kotak Multi Asset Omni FOF - Direct Growth - Direct,12-06-2014,52.54300
119777,Kotak Multi Asset Omni FOF - Direct Growth - Direct,11-06-2014,52.38600
119777,Kotak Multi Asset Omni FOF - Direct Growth - Direct,10-06-2014,52.60500
119777,Kotak Multi Asset Omni FOF - Direct Growth - Direct,09-06-2014,52.74800
119777,Kotak Multi Asset Omni FOF - Direct Growth - Direct,06-06-2014,52.16500
119777,Kotak Multi Asset Omni FOF - Direct Growth - Direct,05-06-2014,51.44800
119777,Kotak Multi Asset Omni FOF - Direct Growth - Direct,04-06-2014,50.93600
119777,Kotak Multi Asset Omni FOF - Direct Growth - Direct,03-06-2014,50.68100
119777,Kotak Multi Asset Omni FOF - Direct Growth - Direct,02-06-2014,50.38700
119777,Kotak Multi Asset Omni FOF - Direct Growth - Direct,30-05-2014,49.29000
119777,Kotak Multi Asset Omni FOF - Direct Growth - Direct,29-05-2014,49.33100
119777,Kotak Multi Asset Omni FOF - Direct Growth - Direct,28-05-2014,49.76300
119777,Kotak Multi Asset Omni FOF - Direct Growth - Direct,27-05-2014,49.54800
119777,Kotak Multi Asset Omni FOF - Direct Growth - Direct,26-05-2014,49.82200
119777,Kotak Multi Asset Omni FOF - Direct Growth - Direct,23-05-2014,50.07400
119777,Kotak Multi Asset Omni FOF - Direct Growth - Direct,22-05-2014,49.22400
119777,Kotak Multi Asset Omni FOF - Direct Growth - Direct,21-05-2014,48.78700
119777,Kotak Multi Asset Omni FOF - Direct Growth - Direct,20-05-2014,48.85600
119777,Kotak Multi Asset Omni FOF - Direct Growth - Direct,19-05-2014,48.67700
119777,Kotak Multi Asset Omni FOF - Direct Growth - Direct,16-05-2014,47.68900
119777,Kotak Multi Asset Omni FOF - Direct Growth - Direct,15-05-2014,46.75300
119777,Kotak Multi Asset Omni FOF - Direct Growth - Direct,14-05-2014,46.88600
119777,Kotak Multi Asset Omni FOF - Direct Growth - Direct,13-05-2014,46.69900
119777,Kotak Multi Asset Omni FOF - Direct Growth - Direct,12-05-2014,46.02100
119777,Kotak Multi Asset Omni FOF - Direct Growth - Direct,09-05-2014,45.21900
119777,Kotak Multi Asset Omni FOF - Direct Growth - Direct,08-05-2014,44.05200
119777,Kotak Multi Asset Omni FOF - Direct Growth - Direct,07-05-2014,43.98500
119777,Kotak Multi Asset Omni FOF - Direct Growth - Direct,06-05-2014,44.25900
119777,Kotak Multi Asset Omni FOF - Direct Growth - Direct,05-05-2014,44.20300
119777,Kotak Multi Asset Omni FOF - Direct Growth - Direct,02-05-2014,44.20100
119777,Kotak Multi Asset Omni FOF - Direct Growth - Direct,30-04-2014,44.16800
119777,Kotak Multi Asset Omni FOF - Direct Growth - Direct,29-04-2014,44.36700
119777,Kotak Multi Asset Omni FOF - Direct Growth - Direct,28-04-2014,44.71300
119777,Kotak Multi Asset Omni FOF - Direct Growth - Direct,25-04-2014,44.70500
119777,Kotak Multi Asset Omni FOF - Direct Growth - Direct,23-04-2014,44.98400
119777,Kotak Multi Asset Omni FOF - Direct Growth - Direct,22-04-2014,44.74700
119777,Kotak Multi Asset Omni FOF - Direct Growth - Direct,21-04-2014,44.72900
119777,Kotak Multi Asset Omni FOF - Direct Growth - Direct,17-04-2014,44.40800
119777,Kotak Multi Asset Omni FOF - Direct Growth - Direct,16-04-2014,43.73300
119777,Kotak Multi Asset Omni FOF - Direct Growth - Direct,15-04-2014,44.13600
119777,Kotak Multi Asset Omni FOF - Direct Growth - Direct,11-04-2014,44.43500
119777,Kotak Multi Asset Omni FOF - Direct Growth - Direct,10-04-2014,44.56700
119777,Kotak Multi Asset Omni FOF - Direct Growth - Direct,09-04-2014,44.49900
119777,Kotak Multi Asset Omni FOF - Direct Growth - Direct,07-04-2014,43.84100
119777,Kotak Multi Asset Omni FOF - Direct Growth - Direct,04-04-2014,43.96300
119777,Kotak Multi Asset Omni FOF - Direct Growth - Direct,03-04-2014,44.12800
119777,Kotak Multi Asset Omni FOF - Direct Growth - Direct,02-04-2014,44.38300
119777,Kotak Multi Asset Omni FOF - Direct Growth - Direct,01-04-2014,43.93800
119777,Kotak Multi Asset Omni FOF - Direct Growth - Direct,31-03-2014,43.98800
119777,Kotak Multi Asset Omni FOF - Direct Growth - Direct,28-03-2014,43.82200
119777,Kotak Multi Asset Omni FOF - Direct Growth - Direct,27-03-2014,43.34100
119777,Kotak Multi Asset Omni FOF - Direct Growth - Direct,26-03-2014,43.11800
119777,Kotak Multi Asset Omni FOF - Direct Growth - Direct,25-03-2014,42.99600
119777,Kotak Multi Asset Omni FOF - Direct Growth - Direct,24-03-2014,42.90100
119777,Kotak Multi Asset Omni FOF - Direct Growth - Direct,21-03-2014,42.39000
119777,Kotak Multi Asset Omni FOF - Direct Growth - Direct,20-03-2014,42.21800
119777,Kotak Multi Asset Omni FOF - Direct Growth - Direct,19-03-2014,42.49800
119777,Kotak Multi Asset Omni FOF - Direct Growth - Direct,18-03-2014,42.48100
119777,Kotak Multi Asset Omni FOF - Direct Growth - Direct,14-03-2014,42.20900
119777,Kotak Multi Asset Omni FOF - Direct Growth - Direct,13-03-2014,42.17900
119777,Kotak Multi Asset Omni FOF - Direct Growth - Direct,12-03-2014,42.34800
119777,Kotak Multi Asset Omni FOF - Direct Growth - Direct,11-03-2014,42.38000
119777,Kotak Multi Asset Omni FOF - Direct Growth - Direct,10-03-2014,42.53900
119777,Kotak Multi Asset Omni FOF - Direct Growth - Direct,07-03-2014,42.46200
119777,Kotak Multi Asset Omni FOF - Direct Growth - Direct,06-03-2014,41.89100
119777,Kotak Multi Asset Omni FOF - Direct Growth - Direct,05-03-2014,41.36300
119777,Kotak Multi Asset Omni FOF - Direct Growth - Direct,04-03-2014,41.04200
119777,Kotak Multi Asset Omni FOF - Direct Growth - Direct,03-03-2014,40.63100
119777,Kotak Multi Asset Omni FOF - Direct Growth - Direct,28-02-2014,40.89000
119777,Kotak Multi Asset Omni FOF - Direct Growth - Direct,26-02-2014,40.62600
119777,Kotak Multi Asset Omni FOF - Direct Growth - Direct,25-02-2014,40.44300
119777,Kotak Multi Asset Omni FOF - Direct Growth - Direct,24-02-2014,40.37400
119777,Kotak Multi Asset Omni FOF - Direct Growth - Direct,21-02-2014,40.21300
119777,Kotak Multi Asset Omni FOF - Direct Growth - Direct,20-02-2014,39.79200
119777,Kotak Multi Asset Omni FOF - Direct Growth - Direct,19-02-2014,40.09800
119777,Kotak Multi Asset Omni FOF - Direct Growth - Direct,18-02-2014,39.90300
119777,Kotak Multi Asset Omni FOF - Direct Growth - Direct,17-02-2014,39.56300
119777,Kotak Multi Asset Omni FOF - Direct Growth - Direct,14-02-2014,39.47000
119777,Kotak Multi Asset Omni FOF - Direct Growth - Direct,13-02-2014,39.26000
119777,Kotak Multi Asset Omni FOF - Direct Growth - Direct,12-02-2014,39.77600
119777,Kotak Multi Asset Omni FOF - Direct Growth - Direct,11-02-2014,39.61500
119777,Kotak Multi Asset Omni FOF - Direct Growth - Direct,10-02-2014,39.47300
119777,Kotak Multi Asset Omni FOF - Direct Growth - Direct,07-02-2014,39.51000
119777,Kotak Multi Asset Omni FOF - Direct Growth - Direct,06-02-2014,39.32700
119777,Kotak Multi Asset Omni FOF - Direct Growth - Direct,05-02-2014,39.29500
119777,Kotak Multi Asset Omni FOF - Direct Growth - Direct,04-02-2014,39.10800
119777,Kotak Multi Asset Omni FOF - Direct Growth - Direct,03-02-2014,39.10200
119777,Kotak Multi Asset Omni FOF - Direct Growth - Direct,31-01-2014,39.56600
119777,Kotak Multi Asset Omni FOF - Direct Growth - Direct,30-01-2014,39.14600
119777,Kotak Multi Asset Omni FOF - Direct Growth - Direct,29-01-2014,39.49600
119777,Kotak Multi Asset Omni FOF - Direct Growth - Direct,28-01-2014,39.48000
119777,Kotak Multi Asset Omni FOF - Direct Growth - Direct,27-01-2014,39.60300
119777,Kotak Multi Asset Omni FOF - Direct Growth - Direct,24-01-2014,40.54900
119777,Kotak Multi Asset Omni FOF - Direct Growth - Direct,23-01-2014,41.08700
119777,Kotak Multi Asset Omni FOF - Direct Growth - Direct,22-01-2014,41.16400
119777,Kotak Multi Asset Omni FOF - Direct Growth - Direct,21-01-2014,41.01800
119777,Kotak Multi Asset Omni FOF - Direct Growth - Direct,20-01-2014,40.89300
119777,Kotak Multi Asset Omni FOF - Direct Growth - Direct,17-01-2014,40.54600
119777,Kotak Multi Asset Omni FOF - Direct Growth - Direct,16-01-2014,40.94000
119777,Kotak Multi Asset Omni FOF - Direct Growth - Direct,15-01-2014,40.98800
119777,Kotak Multi Asset Omni FOF - Direct Growth - Direct,14-01-2014,40.64000
119777,Kotak Multi Asset Omni FOF - Direct Growth - Direct,13-01-2014,40.78200
119777,Kotak Multi Asset Omni FOF - Direct Growth - Direct,10-01-2014,40.32100
119777,Kotak Multi Asset Omni FOF - Direct Growth - Direct,09-01-2014,40.43100
119777,Kotak Multi Asset Omni FOF - Direct Growth - Direct,08-01-2014,40.53500
119777,Kotak Multi Asset Omni FOF - Direct Growth - Direct,07-01-2014,40.47600
119777,Kotak Multi Asset Omni FOF - Direct Growth - Direct,06-01-2014,40.65900
119777,Kotak Multi Asset Omni FOF - Direct Growth - Direct,03-01-2014,40.74600
119777,Kotak Multi Asset Omni FOF - Direct Growth - Direct,02-01-2014,40.67600
119777,Kotak Multi Asset Omni FOF - Direct Growth - Direct,01-01-2014,41.23300
119777,Kotak Multi Asset Omni FOF - Direct Growth - Direct,31-12-2013,41.20800
119777,Kotak Multi Asset Omni FOF - Direct Growth - Direct,30-12-2013,41.09700
119777,Kotak Multi Asset Omni FOF - Direct Growth - Direct,27-12-2013,41.23100
119777,Kotak Multi Asset Omni FOF - Direct Growth - Direct,26-12-2013,41.04200
119777,Kotak Multi Asset Omni FOF - Direct Growth - Direct,24-12-2013,40.97400
119777,Kotak Multi Asset Omni FOF - Direct Growth - Direct,23-12-2013,41.01700
119777,Kotak Multi Asset Omni FOF - Direct Growth - Direct,20-12-2013,40.95000
119777,Kotak Multi Asset Omni FOF - Direct Growth - Direct,19-12-2013,40.27100
119777,Kotak Multi Asset Omni FOF - Direct Growth - Direct,18-12-2013,40.37100
119777,Kotak Multi Asset Omni FOF - Direct Growth - Direct,17-12-2013,39.81300
119777,Kotak Multi Asset Omni FOF - Direct Growth - Direct,16-12-2013,39.77600
119777,Kotak Multi Asset Omni FOF - Direct Growth - Direct,13-12-2013,39.68900
119777,Kotak Multi Asset Omni FOF - Direct Growth - Direct,12-12-2013,40.14200
119777,Kotak Multi Asset Omni FOF - Direct Growth - Direct,11-12-2013,40.49200
119777,Kotak Multi Asset Omni FOF - Direct Growth - Direct,10-12-2013,40.64700
119777,Kotak Multi Asset Omni FOF - Direct Growth - Direct,09-12-2013,40.85900
119777,Kotak Multi Asset Omni FOF - Direct Growth - Direct,06-12-2013,40.23600
119777,Kotak Multi Asset Omni FOF - Direct Growth - Direct,05-12-2013,40.10200
119777,Kotak Multi Asset Omni FOF - Direct Growth - Direct,04-12-2013,39.63600
119777,Kotak Multi Asset Omni FOF - Direct Growth - Direct,03-12-2013,39.86900
119777,Kotak Multi Asset Omni FOF - Direct Growth - Direct,02-12-2013,39.93400
119777,Kotak Multi Asset Omni FOF - Direct Growth - Direct,29-11-2013,39.63900
119777,Kotak Multi Asset Omni FOF - Direct Growth - Direct,28-11-2013,39.11100
119777,Kotak Multi Asset Omni FOF - Direct Growth - Direct,27-11-2013,38.92700
119777,Kotak Multi Asset Omni FOF - Direct Growth - Direct,26-11-2013,38.92500
119777,Kotak Multi Asset Omni FOF - Direct Growth - Direct,25-11-2013,39.23000
119777,Kotak Multi Asset Omni FOF - Direct Growth - Direct,22-11-2013,38.53000
119777,Kotak Multi Asset Omni FOF - Direct Growth - Direct,21-11-2013,38.47400
119777,Kotak Multi Asset Omni FOF - Direct Growth - Direct,20-11-2013,39.14800
119777,Kotak Multi Asset Omni FOF - Direct Growth - Direct,19-11-2013,39.61200
119777,Kotak Multi Asset Omni FOF - Direct Growth - Direct,18-11-2013,39.45700
119777,Kotak Multi Asset Omni FOF - Direct Growth - Direct,14-11-2013,38.84600
119777,Kotak Multi Asset Omni FOF - Direct Growth - Direct,13-11-2013,38.35600
119777,Kotak Multi Asset Omni FOF - Direct Growth - Direct,12-11-2013,38.59900
119777,Kotak Multi Asset Omni FOF - Direct Growth - Direct,11-11-2013,38.93300
119777,Kotak Multi Asset Omni FOF - Direct Growth - Direct,08-11-2013,39.22600
119777,Kotak Multi Asset Omni FOF - Direct Growth - Direct,07-11-2013,39.39300
119777,Kotak Multi Asset Omni FOF - Direct Growth - Direct,06-11-2013,39.64500
119777,Kotak Multi Asset Omni FOF - Direct Growth - Direct,05-11-2013,39.81100
119777,Kotak Multi Asset Omni FOF - Direct Growth - Direct,01-11-2013,39.86700
119777,Kotak Multi Asset Omni FOF - Direct Growth - Direct,31-10-2013,39.73400
119777,Kotak Multi Asset Omni FOF - Direct Growth - Direct,30-10-2013,39.35700
119777,Kotak Multi Asset Omni FOF - Direct Growth - Direct,29-10-2013,39.16700
119777,Kotak Multi Asset Omni FOF - Direct Growth - Direct,28-10-2013,38.42100
119777,Kotak Multi Asset Omni FOF - Direct Growth - Direct,25-10-2013,38.71800
119777,Kotak Multi Asset Omni FOF - Direct Growth - Direct,24-10-2013,38.80300
119777,Kotak Multi Asset Omni FOF - Direct Growth - Direct,23-10-2013,38.90900
119777,Kotak Multi Asset Omni FOF - Direct Growth - Direct,22-10-2013,38.96600
119777,Kotak Multi Asset Omni FOF - Direct Growth - Direct,21-10-2013,38.96900
119777,Kotak Multi Asset Omni FOF - Direct Growth - Direct,18-10-2013,38.78500
119777,Kotak Multi Asset Omni FOF - Direct Growth - Direct,17-10-2013,37.99100
119777,Kotak Multi Asset Omni FOF - Direct Growth - Direct,15-10-2013,38.26300
119777,Kotak Multi Asset Omni FOF - Direct Growth - Direct,14-10-2013,38.46100
119777,Kotak Multi Asset Omni FOF - Direct Growth - Direct,11-10-2013,38.34600
119777,Kotak Multi Asset Omni FOF - Direct Growth - Direct,10-10-2013,37.90400
119777,Kotak Multi Asset Omni FOF - Direct Growth - Direct,09-10-2013,37.77200
119777,Kotak Multi Asset Omni FOF - Direct Growth - Direct,08-10-2013,37.38700
119777,Kotak Multi Asset Omni FOF - Direct Growth - Direct,07-10-2013,37.26500
119777,Kotak Multi Asset Omni FOF - Direct Growth - Direct,04-10-2013,37.20800
119777,Kotak Multi Asset Omni FOF - Direct Growth - Direct,03-10-2013,37.13800
119777,Kotak Multi Asset Omni FOF - Direct Growth - Direct,01-10-2013,36.42600
119777,Kotak Multi Asset Omni FOF - Direct Growth - Direct,30-09-2013,36.20700
119777,Kotak Multi Asset Omni FOF - Direct Growth - Direct,27-09-2013,36.62900
119777,Kotak Multi Asset Omni FOF - Direct Growth - Direct,26-09-2013,36.77700
119777,Kotak Multi Asset Omni FOF - Direct Growth - Direct,25-09-2013,36.74400
119777,Kotak Multi Asset Omni FOF - Direct Growth - Direct,24-09-2013,36.78200
119777,Kotak Multi Asset Omni FOF - Direct Growth - Direct,23-09-2013,36.82500
119777,Kotak Multi Asset Omni FOF - Direct Growth - Direct,20-09-2013,37.43700
119777,Kotak Multi Asset Omni FOF - Direct Growth - Direct,19-09-2013,37.97100
119777,Kotak Multi Asset Omni FOF - Direct Growth - Direct,18-09-2013,36.83700
119777,Kotak Multi Asset Omni FOF - Direct Growth - Direct,17-09-2013,36.58100
119777,Kotak Multi Asset Omni FOF - Direct Growth - Direct,16-09-2013,36.50200
119777,Kotak Multi Asset Omni FOF - Direct Growth - Direct,13-09-2013,36.53400
119777,Kotak Multi Asset Omni FOF - Direct Growth - Direct,12-09-2013,36.57600
119777,Kotak Multi Asset Omni FOF - Direct Growth - Direct,11-09-2013,36.88900
119777,Kotak Multi Asset Omni FOF - Direct Growth - Direct,10-09-2013,36.69400
119777,Kotak Multi Asset Omni FOF - Direct Growth - Direct,06-09-2013,35.79500
119777,Kotak Multi Asset Omni FOF - Direct Growth - Direct,05-09-2013,35.35800
119777,Kotak Multi Asset Omni FOF - Direct Growth - Direct,04-09-2013,34.63000
119777,Kotak Multi Asset Omni FOF - Direct Growth - Direct,03-09-2013,34.04900
119777,Kotak Multi Asset Omni FOF - Direct Growth - Direct,02-09-2013,35.09200
119777,Kotak Multi Asset Omni FOF - Direct Growth - Direct,30-08-2013,34.63900
119777,Kotak Multi Asset Omni FOF - Direct Growth - Direct,29-08-2013,34.28100
119777,Kotak Multi Asset Omni FOF - Direct Growth - Direct,28-08-2013,33.59900
119777,Kotak Multi Asset Omni FOF - Direct Growth - Direct,27-08-2013,33.74700
119777,Kotak Multi Asset Omni FOF - Direct Growth - Direct,26-08-2013,34.66600
119777,Kotak Multi Asset Omni FOF - Direct Growth - Direct,23-08-2013,34.55900
119777,Kotak Multi Asset Omni FOF - Direct Growth - Direct,22-08-2013,34.15400
119777,Kotak Multi Asset Omni FOF - Direct Growth - Direct,21-08-2013,33.68400
119777,Kotak Multi Asset Omni FOF - Direct Growth - Direct,20-08-2013,34.20800
119777,Kotak Multi Asset Omni FOF - Direct Growth - Direct,19-08-2013,34.24700
119777,Kotak Multi Asset Omni FOF - Direct Growth - Direct,16-08-2013,34.82200
119777,Kotak Multi Asset Omni FOF - Direct Growth - Direct,14-08-2013,36.01900
119777,Kotak Multi Asset Omni FOF - Direct Growth - Direct,13-08-2013,35.79700
119777,Kotak Multi Asset Omni FOF - Direct Growth - Direct,12-08-2013,35.24600
119777,Kotak Multi Asset Omni FOF - Direct Growth - Direct,08-08-2013,34.92300
119777,Kotak Multi Asset Omni FOF - Direct Growth - Direct,07-08-2013,34.55100
119777,Kotak Multi Asset Omni FOF - Direct Growth - Direct,06-08-2013,34.49500
119777,Kotak Multi Asset Omni FOF - Direct Growth - Direct,05-08-2013,35.30000
119777,Kotak Multi Asset Omni FOF - Direct Growth - Direct,02-08-2013,35.21800
119777,Kotak Multi Asset Omni FOF - Direct Growth - Direct,01-08-2013,35.50300
119777,Kotak Multi Asset Omni FOF - Direct Growth - Direct,31-07-2013,35.72200
119777,Kotak Multi Asset Omni FOF - Direct Growth - Direct,30-07-2013,35.57500
119777,Kotak Multi Asset Omni FOF - Direct Growth - Direct,29-07-2013,36.13600
119777,Kotak Multi Asset Omni FOF - Direct Growth - Direct,26-07-2013,36.37600
119777,Kotak Multi Asset Omni FOF - Direct Growth - Direct,25-07-2013,36.57200
119777,Kotak Multi Asset Omni FOF - Direct Growth - Direct,24-07-2013,36.89100
119777,Kotak Multi Asset Omni FOF - Direct Growth - Direct,23-07-2013,37.46200
119777,Kotak Multi Asset Omni FOF - Direct Growth - Direct,22-07-2013,37.23100
119777,Kotak Multi Asset Omni FOF - Direct Growth - Direct,19-07-2013,37.20300
119777,Kotak Multi Asset Omni FOF - Direct Growth - Direct,18-07-2013,37.25800
119777,Kotak Multi Asset Omni FOF - Direct Growth - Direct,17-07-2013,36.94800
119777,Kotak Multi Asset Omni FOF - Direct Growth - Direct,16-07-2013,37.13900
119777,Kotak Multi Asset Omni FOF - Direct Growth - Direct,15-07-2013,37.69200
119777,Kotak Multi Asset Omni FOF - Direct Growth - Direct,12-07-2013,37.48800
119777,Kotak Multi Asset Omni FOF - Direct Growth - Direct,11-07-2013,37.10600
119777,Kotak Multi Asset Omni FOF - Direct Growth - Direct,10-07-2013,36.61400
119777,Kotak Multi Asset Omni FOF - Direct Growth - Direct,09-07-2013,36.78900
119777,Kotak Multi Asset Omni FOF - Direct Growth - Direct,08-07-2013,36.52000
119777,Kotak Multi Asset Omni FOF - Direct Growth - Direct,05-07-2013,36.77100
119777,Kotak Multi Asset Omni FOF - Direct Growth - Direct,04-07-2013,36.67600
119777,Kotak Multi Asset Omni FOF - Direct Growth - Direct,03-07-2013,36.31100
119777,Kotak Multi Asset Omni FOF - Direct Growth - Direct,02-07-2013,36.90800
119777,Kotak Multi Asset Omni FOF - Direct Growth - Direct,01-07-2013,37.09900
119777,Kotak Multi Asset Omni FOF - Direct Growth - Direct,28-06-2013,36.72400
119777,Kotak Multi Asset Omni FOF - Direct Growth - Direct,27-06-2013,35.90100
119777,Kotak Multi Asset Omni FOF - Direct Growth - Direct,26-06-2013,35.46000
119777,Kotak Multi Asset Omni FOF - Direct Growth - Direct,25-06-2013,35.54700
119777,Kotak Multi Asset Omni FOF - Direct Growth - Direct,24-06-2013,35.52200
119777,Kotak Multi Asset Omni FOF - Direct Growth - Direct,21-06-2013,36.14300
119777,Kotak Multi Asset Omni FOF - Direct Growth - Direct,20-06-2013,36.11600
119777,Kotak Multi Asset Omni FOF - Direct Growth - Direct,19-06-2013,37.00200
119777,Kotak Multi Asset Omni FOF - Direct Growth - Direct,18-06-2013,36.93500
119777,Kotak Multi Asset Omni FOF - Direct Growth - Direct,17-06-2013,37.05800
119777,Kotak Multi Asset Omni FOF - Direct Growth - Direct,14-06-2013,36.85200
119777,Kotak Multi Asset Omni FOF - Direct Growth - Direct,13-06-2013,36.24300
119777,Kotak Multi Asset Omni FOF - Direct Growth - Direct,12-06-2013,36.64000
119777,Kotak Multi Asset Omni FOF - Direct Growth - Direct,11-06-2013,36.75700
119777,Kotak Multi Asset Omni FOF - Direct Growth - Direct,10-06-2013,37.26200
119777,Kotak Multi Asset Omni FOF - Direct Growth - Direct,07-06-2013,37.46700
119777,Kotak Multi Asset Omni FOF - Direct Growth - Direct,06-06-2013,37.69900
119777,Kotak Multi Asset Omni FOF - Direct Growth - Direct,05-06-2013,37.66200
119777,Kotak Multi Asset Omni FOF - Direct Growth - Direct,04-06-2013,37.64000
119777,Kotak Multi Asset Omni FOF - Direct Growth - Direct,03-06-2013,37.68400
119777,Kotak Multi Asset Omni FOF - Direct Growth - Direct,31-05-2013,37.84400
119777,Kotak Multi Asset Omni FOF - Direct Growth - Direct,30-05-2013,38.45500
119777,Kotak Multi Asset Omni FOF - Direct Growth - Direct,29-05-2013,38.43000
119777,Kotak Multi Asset Omni FOF - Direct Growth - Direct,28-05-2013,38.57600
119777,Kotak Multi Asset Omni FOF - Direct Growth - Direct,27-05-2013,38.36600
119777,Kotak Multi Asset Omni FOF - Direct Growth - Direct,24-05-2013,37.95600
119777,Kotak Multi Asset Omni FOF - Direct Growth - Direct,23-05-2013,37.83300
119777,Kotak Multi Asset Omni FOF - Direct Growth - Direct,22-05-2013,38.66600
119777,Kotak Multi Asset Omni FOF - Direct Growth - Direct,21-05-2013,38.84300
119777,Kotak Multi Asset Omni FOF - Direct Growth - Direct,20-05-2013,39.12600
119777,Kotak Multi Asset Omni FOF - Direct Growth - Direct,17-05-2013,39.40100
119777,Kotak Multi Asset Omni FOF - Direct Growth - Direct,16-05-2013,39.30800
119777,Kotak Multi Asset Omni FOF - Direct Growth - Direct,15-05-2013,39.13000
119777,Kotak Multi Asset Omni FOF - Direct Growth - Direct,14-05-2013,38.35200
119777,Kotak Multi Asset Omni FOF - Direct Growth - Direct,13-05-2013,38.19800
119777,Kotak Multi Asset Omni FOF - Direct Growth - Direct,10-05-2013,38.77300
119777,Kotak Multi Asset Omni FOF - Direct Growth - Direct,09-05-2013,38.49000
119777,Kotak Multi Asset Omni FOF - Direct Growth - Direct,08-05-2013,38.59400
119777,Kotak Multi Asset Omni FOF - Direct Growth - Direct,07-05-2013,38.53800
119777,Kotak Multi Asset Omni FOF - Direct Growth - Direct,06-05-2013,38.13800
119777,Kotak Multi Asset Omni FOF - Direct Growth - Direct,03-05-2013,37.91000
119777,Kotak Multi Asset Omni FOF - Direct Growth - Direct,02-05-2013,38.26700
119777,Kotak Multi Asset Omni FOF - Direct Growth - Direct,30-04-2013,37.94800
119777,Kotak Multi Asset Omni FOF - Direct Growth - Direct,29-04-2013,37.81300
119777,Kotak Multi Asset Omni FOF - Direct Growth - Direct,26-04-2013,37.56600
119777,Kotak Multi Asset Omni FOF - Direct Growth - Direct,25-04-2013,37.79200
119777,Kotak Multi Asset Omni FOF - Direct Growth - Direct,23-04-2013,37.40400
119777,Kotak Multi Asset Omni FOF - Direct Growth - Direct,22-04-2013,37.47500
119777,Kotak Multi Asset Omni FOF - Direct Growth - Direct,18-04-2013,37.08600
119777,Kotak Multi Asset Omni FOF - Direct Growth - Direct,17-04-2013,36.62700
119777,Kotak Multi Asset Omni FOF - Direct Growth - Direct,16-04-2013,36.50800
119777,Kotak Multi Asset Omni FOF - Direct Growth - Direct,15-04-2013,35.95600
119777,Kotak Multi Asset Omni FOF - Direct Growth - Direct,12-04-2013,35.77600
119777,Kotak Multi Asset Omni FOF - Direct Growth - Direct,11-04-2013,36.13100
119777,Kotak Multi Asset Omni FOF - Direct Growth - Direct,10-04-2013,35.89100
119777,Kotak Multi Asset Omni FOF - Direct Growth - Direct,09-04-2013,35.53000
119777,Kotak Multi Asset Omni FOF - Direct Growth - Direct,08-04-2013,35.85700
119777,Kotak Multi Asset Omni FOF - Direct Growth - Direct,05-04-2013,35.88700
119777,Kotak Multi Asset Omni FOF - Direct Growth - Direct,04-04-2013,35.89100
119777,Kotak Multi Asset Omni FOF - Direct Growth - Direct,03-04-2013,36.44900
119777,Kotak Multi Asset Omni FOF - Direct Growth - Direct,02-04-2013,36.89300
119777,Kotak Multi Asset Omni FOF - Direct Growth - Direct,01-04-2013,36.51300
119777,Kotak Multi Asset Omni FOF - Direct Growth - Direct,28-03-2013,36.36200
119777,Kotak Multi Asset Omni FOF - Direct Growth - Direct,26-03-2013,36.02700
119777,Kotak Multi Asset Omni FOF - Direct Growth - Direct,25-03-2013,35.94500
119777,Kotak Multi Asset Omni FOF - Direct Growth - Direct,22-03-2013,36.09400
119777,Kotak Multi Asset Omni FOF - Direct Growth - Direct,21-03-2013,36.19900
119777,Kotak Multi Asset Omni FOF - Direct Growth - Direct,20-03-2013,36.38800
119777,Kotak Multi Asset Omni FOF - Direct Growth - Direct,19-03-2013,36.91900
119777,Kotak Multi Asset Omni FOF - Direct Growth - Direct,18-03-2013,37.45300
119777,Kotak Multi Asset Omni FOF - Direct Growth - Direct,15-03-2013,37.68000
119777,Kotak Multi Asset Omni FOF - Direct Growth - Direct,14-03-2013,37.91900
119777,Kotak Multi Asset Omni FOF - Direct Growth - Direct,13-03-2013,37.55300
119777,Kotak Multi Asset Omni FOF - Direct Growth - Direct,12-03-2013,38.03200
119777,Kotak Multi Asset Omni FOF - Direct Growth - Direct,11-03-2013,38.15800
119777,Kotak Multi Asset Omni FOF - Direct Growth - Direct,08-03-2013,38.17800
119777,Kotak Multi Asset Omni FOF - Direct Growth - Direct,07-03-2013,37.75800
119777,Kotak Multi Asset Omni FOF - Direct Growth - Direct,06-03-2013,37.54900
119777,Kotak Multi Asset Omni FOF - Direct Growth - Direct,05-03-2013,37.24000
119777,Kotak Multi Asset Omni FOF - Direct Growth - Direct,04-03-2013,36.69100
119777,Kotak Multi Asset Omni FOF - Direct Growth - Direct,01-03-2013,36.88300
119777,Kotak Multi Asset Omni FOF - Direct Growth - Direct,28-02-2013,36.66300
119777,Kotak Multi Asset Omni FOF - Direct Growth - Direct,27-02-2013,37.38400
119777,Kotak Multi Asset Omni FOF - Direct Growth - Direct,26-02-2013,37.10500
119777,Kotak Multi Asset Omni FOF - Direct Growth - Direct,25-02-2013,37.65800
119777,Kotak Multi Asset Omni FOF - Direct Growth - Direct,22-02-2013,37.71800
119777,Kotak Multi Asset Omni FOF - Direct Growth - Direct,21-02-2013,37.69800
119777,Kotak Multi Asset Omni FOF - Direct Growth - Direct,20-02-2013,38.30200
119777,Kotak Multi Asset Omni FOF - Direct Growth - Direct,19-02-2013,38.32500
119777,Kotak Multi Asset Omni FOF - Direct Growth - Direct,18-02-2013,38.01700
119777,Kotak Multi Asset Omni FOF - Direct Growth - Direct,15-02-2013,37.92000
119777,Kotak Multi Asset Omni FOF - Direct Growth - Direct,14-02-2013,37.96100
119777,Kotak Multi Asset Omni FOF - Direct Growth - Direct,13-02-2013,38.27400
119777,Kotak Multi Asset Omni FOF - Direct Growth - Direct,12-02-2013,38.27800
119777,Kotak Multi Asset Omni FOF - Direct Growth - Direct,11-02-2013,38.11800
119777,Kotak Multi Asset Omni FOF - Direct Growth - Direct,08-02-2013,38.14200
119777,Kotak Multi Asset Omni FOF - Direct Growth - Direct,07-02-2013,38.40100
119777,Kotak Multi Asset Omni FOF - Direct Growth - Direct,06-02-2013,38.58600
119777,Kotak Multi Asset Omni FOF - Direct Growth - Direct,05-02-2013,38.54000
119777,Kotak Multi Asset Omni FOF - Direct Growth - Direct,04-02-2013,38.79500
119777,Kotak Multi Asset Omni FOF - Direct Growth - Direct,01-02-2013,38.99200
119777,Kotak Multi Asset Omni FOF - Direct Growth - Direct,31-01-2013,39.08000
119777,Kotak Multi Asset Omni FOF - Direct Growth - Direct,30-01-2013,39.12700
119777,Kotak Multi Asset Omni FOF - Direct Growth - Direct,29-01-2013,39.15900
119777,Kotak Multi Asset Omni FOF - Direct Growth - Direct,28-01-2013,39.36400
119777,Kotak Multi Asset Omni FOF - Direct Growth - Direct,25-01-2013,39.33800
119777,Kotak Multi Asset Omni FOF - Direct Growth - Direct,24-01-2013,38.93400
119777,Kotak Multi Asset Omni FOF - Direct Growth - Direct,23-01-2013,39.34000
119777,Kotak Multi Asset Omni FOF - Direct Growth - Direct,22-01-2013,39.37700
119777,Kotak Multi Asset Omni FOF - Direct Growth - Direct,21-01-2013,39.65300
119777,Kotak Multi Asset Omni FOF - Direct Growth - Direct,15-01-2013,39.76900
119777,Kotak Multi Asset Omni FOF - Direct Growth - Direct,14-01-2013,39.61500
119777,Kotak Multi Asset Omni FOF - Direct Growth - Direct,11-01-2013,39.22500
119777,Kotak Multi Asset Omni FOF - Direct Growth - Direct,10-01-2013,39.41900
119777,Kotak Multi Asset Omni FOF - Direct Growth - Direct,09-01-2013,39.44300
